0 0.166406 0.390972 0.068750 0.073611
0 0.150391 0.125000 0.047656 0.052778
0 0.170312 0.202778 0.054688 0.061111
0 0.378516 0.166667 0.041406 0.047222
0 0.429297 0.136111 0.061719 0.072222
0 0.635156 0.186111 0.062500 0.111111
0 0.797266 0.061806 0.050781 0.068056
0 0.961719 0.375000 0.076563 0.127778
0 0.579687 0.438194 0.064062 0.070833
0 0.762500 0.447917 0.051562 0.076389
0 0.792188 0.579167 0.068750 0.072222
0 0.867578 0.708333 0.060156 0.088889
0 0.931250 0.858333 0.060938 0.075000
0 0.677344 0.592361 0.059375 0.073611
0 0.502734 0.738194 0.075781 0.076389
0 0.433203 0.536806 0.055469 0.054167
0 0.300391 0.461806 0.041406 0.045833
0 0.229687 0.721528 0.057813 0.062500
0 0.392578 0.940972 0.064844 0.098611
0 0.171484 0.936111 0.061719 0.058333
0 0.788672 0.250694 0.078906 0.101389
0 0.727344 0.949306 0.098438 0.093056
