0 0.043750 0.632639 0.056250 0.054167
0 0.439063 0.691667 0.060938 0.086111
0 0.593359 0.572222 0.049219 0.086111
0 0.445312 0.913194 0.035937 0.054167
0 0.210547 0.922917 0.049219 0.059722
0 0.212109 0.683333 0.036719 0.066667
0 0.034766 0.936806 0.057031 0.059722
0 0.327734 0.769444 0.039844 0.052778
0 0.283984 0.501389 0.050781 0.041667
0 0.172266 0.374306 0.063281 0.087500
0 0.769141 0.189583 0.058594 0.084722
0 0.840625 0.655556 0.057813 0.069444
0 0.879297 0.338194 0.041406 0.095833
0 0.967578 0.140972 0.044531 0.068056
0 0.499609 0.031944 0.078906 0.055556
0 0.211719 0.023611 0.089062 0.044444
