0 0.713281 0.557639 0.053125 0.073611
0 0.767578 0.696528 0.041406 0.084722
0 0.189453 0.887500 0.061719 0.069444
0 0.041797 0.904167 0.061719 0.069444
0 0.868750 0.858333 0.062500 0.075000
0 0.912500 0.561111 0.054688 0.066667
0 0.875391 0.659722 0.050781 0.063889
0 0.808203 0.211806 0.066406 0.054167
0 0.822266 0.294444 0.074219 0.075000
0 0.800781 0.081250 0.067188 0.098611
0 0.921094 0.122917 0.090625 0.073611
0 0.596094 0.309722 0.084375 0.063889
0 0.446875 0.431944 0.089062 0.075000
0 0.963672 0.672222 0.061719 0.100000
0 0.768750 0.796528 0.039062 0.051389
0 0.716406 0.817361 0.040625 0.070833
