0 0.053125 0.052083 0.060938 0.062500
0 0.116016 0.249306 0.097656 0.115278
0 0.252734 0.091667 0.064844 0.077778
0 0.407031 0.294444 0.056250 0.075000
0 0.283203 0.419444 0.053906 0.086111
0 0.205078 0.463194 0.064844 0.079167
0 0.113672 0.527778 0.053906 0.050000
0 0.040234 0.353472 0.067969 0.087500
0 0.153516 0.845833 0.103906 0.122222
0 0.363281 0.749306 0.135937 0.159722
0 0.337891 0.549306 0.074219 0.095833
0 0.548437 0.478472 0.054688 0.084722
0 0.661328 0.602083 0.061719 0.073611
0 0.739844 0.707639 0.034375 0.040278
0 0.896484 0.846528 0.041406 0.070833
0 0.792188 0.435417 0.056250 0.065278
0 0.868359 0.245833 0.077344 0.069444
0 0.694531 0.168750 0.079687 0.081944
0 0.520703 0.145139 0.077344 0.079167
0 0.558984 0.290278 0.047656 0.063889
0 0.233203 0.311111 0.077344 0.083333
0 0.573828 0.940278 0.099219 0.105556
0 0.424609 0.023611 0.050781 0.038889
