0 0.404687 0.067361 0.078125 0.090278
0 0.566016 0.122222 0.074219 0.072222
0 0.655469 0.150694 0.062500 0.068056
0 0.745313 0.209028 0.076563 0.068056
0 0.868750 0.147917 0.087500 0.084722
0 0.959766 0.299306 0.075781 0.090278
0 0.877734 0.411806 0.078906 0.081944
0 0.940234 0.570139 0.061719 0.093056
0 0.588281 0.248611 0.123438 0.083333
0 0.652344 0.342361 0.075000 0.081944
0 0.764844 0.443750 0.079687 0.093056
0 0.780859 0.551389 0.083594 0.091667
0 0.766406 0.361111 0.100000 0.069444
0 0.443750 0.262500 0.076563 0.083333
0 0.569922 0.398611 0.074219 0.088889
0 0.645312 0.551389 0.093750 0.100000
0 0.333203 0.240972 0.071094 0.079167
0 0.195703 0.247917 0.085156 0.084722
0 0.152734 0.150000 0.075781 0.066667
0 0.058984 0.243056 0.078906 0.105556
0 0.179297 0.362500 0.069531 0.063889
0 0.223438 0.488889 0.090625 0.100000
0 0.414844 0.377083 0.073437 0.065278
0 0.303516 0.396528 0.047656 0.062500
0 0.345313 0.572917 0.078125 0.090278
0 0.441016 0.488194 0.086719 0.090278
0 0.499219 0.634722 0.082813 0.100000
0 0.431250 0.720139 0.089062 0.087500
0 0.642187 0.713194 0.078125 0.095833
0 0.767578 0.677778 0.063281 0.091667
0 0.762891 0.824306 0.077344 0.079167
0 0.850000 0.906944 0.071875 0.086111
0 0.622656 0.876389 0.084375 0.105556
0 0.473828 0.843056 0.085156 0.075000
0 0.325000 0.742361 0.071875 0.068056
0 0.221094 0.668750 0.078125 0.084722
0 0.113672 0.597917 0.072656 0.109722
0 0.066797 0.725694 0.071094 0.079167
0 0.137109 0.709722 0.058594 0.077778
0 0.223047 0.796528 0.074219 0.093056
0 0.138672 0.893056 0.069531 0.066667
0 0.117578 0.824306 0.071094 0.068056
0 0.232422 0.943750 0.060156 0.087500
0 0.332812 0.870833 0.100000 0.097222
0 0.282422 0.134028 0.047656 0.056944
0 0.465625 0.180556 0.031250 0.036111
0 0.121484 0.325000 0.032031 0.050000
0 0.855078 0.640972 0.041406 0.040278
0 0.519531 0.540278 0.023438 0.044444
0 0.319922 0.644444 0.036719 0.030556
