0 0.328516 0.482639 0.055469 0.056944
0 0.241016 0.839583 0.060156 0.095833
0 0.064062 0.675000 0.068750 0.063889
0 0.408203 0.716667 0.038281 0.061111
0 0.483203 0.895139 0.066406 0.090278
0 0.576563 0.598611 0.064062 0.086111
0 0.741797 0.745833 0.085156 0.080556
0 0.862109 0.601389 0.088281 0.097222
0 0.777344 0.868056 0.073437 0.080556
0 0.736719 0.336806 0.078125 0.095833
0 0.855469 0.065278 0.095312 0.105556
0 0.488281 0.088194 0.071875 0.068056
0 0.518750 0.350694 0.050000 0.070833
0 0.030078 0.472917 0.035156 0.048611
0 0.915234 0.961806 0.072656 0.070833
0 0.969141 0.773611 0.061719 0.077778
0 0.624219 0.884722 0.059375 0.088889
