0 0.807422 0.745833 0.077344 0.091667
0 0.751562 0.581944 0.060938 0.080556
0 0.616016 0.240278 0.089844 0.100000
0 0.591016 0.054167 0.097656 0.069444
0 0.408984 0.547222 0.050781 0.052778
0 0.468750 0.715972 0.043750 0.043056
0 0.501953 0.760417 0.035156 0.043056
0 0.355859 0.761806 0.044531 0.045833
0 0.225781 0.836111 0.056250 0.061111
0 0.095703 0.810417 0.047656 0.059722
0 0.149219 0.843056 0.048437 0.072222
0 0.249609 0.784722 0.038281 0.030556
0 0.632031 0.733333 0.043750 0.050000
0 0.411328 0.918750 0.067969 0.062500
0 0.092969 0.892361 0.054688 0.073611
0 0.103516 0.742361 0.052344 0.054167
0 0.685547 0.142361 0.063281 0.145833
