0 0.112500 0.120833 0.090625 0.116667
0 0.121484 0.281250 0.044531 0.068056
0 0.224219 0.305556 0.062500 0.097222
0 0.266406 0.131250 0.073437 0.073611
0 0.505469 0.184722 0.064062 0.072222
0 0.683203 0.158333 0.064844 0.083333
0 0.817969 0.104167 0.079687 0.088889
0 0.876172 0.261806 0.064844 0.059722
0 0.880078 0.379861 0.047656 0.076389
0 0.733594 0.524306 0.107813 0.101389
0 0.812891 0.610417 0.038281 0.056944
0 0.673437 0.775000 0.073437 0.105556
0 0.498047 0.743056 0.102344 0.083333
0 0.353906 0.601389 0.087500 0.113889
0 0.372656 0.456250 0.053125 0.087500
0 0.319922 0.359722 0.055469 0.072222
0 0.226953 0.473611 0.066406 0.072222
0 0.048828 0.492361 0.060156 0.098611
0 0.066406 0.668750 0.087500 0.093056
0 0.054297 0.799306 0.088281 0.101389
0 0.066406 0.926389 0.053125 0.066667
0 0.233203 0.769444 0.064844 0.086111
0 0.208203 0.588194 0.038281 0.059722
0 0.460156 0.334722 0.059375 0.077778
0 0.547266 0.493750 0.096094 0.120833
0 0.817969 0.812500 0.075000 0.086111
0 0.957422 0.718056 0.080469 0.083333
0 0.915625 0.902083 0.048437 0.062500
0 0.930859 0.515278 0.086719 0.088889
0 0.732422 0.284028 0.049219 0.054167
0 0.667578 0.290278 0.033594 0.050000
0 0.507422 0.872917 0.044531 0.048611
0 0.556250 0.922917 0.053125 0.062500
0 0.780469 0.662500 0.039062 0.050000
0 0.608984 0.626389 0.035156 0.058333
0 0.439063 0.613194 0.039062 0.056944
0 0.351562 0.218750 0.087500 0.120833
0 0.586328 0.301389 0.053906 0.072222
0 0.154687 0.811111 0.062500 0.058333
