0 0.309375 0.418750 0.082813 0.087500
0 0.356641 0.589583 0.082031 0.084722
0 0.542969 0.613194 0.068750 0.101389
0 0.656641 0.434722 0.096094 0.091667
0 0.685938 0.239583 0.065625 0.081944
0 0.773047 0.105556 0.052344 0.075000
0 0.935938 0.156250 0.059375 0.070833
0 0.962109 0.384722 0.075781 0.094444
0 0.894922 0.495833 0.060156 0.075000
0 0.735937 0.677083 0.067188 0.070833
0 0.633203 0.717361 0.069531 0.070833
0 0.430078 0.717361 0.072656 0.095833
0 0.512891 0.811806 0.052344 0.065278
0 0.258984 0.693750 0.105469 0.081944
0 0.290234 0.861111 0.067969 0.069444
0 0.136328 0.862500 0.049219 0.066667
0 0.108203 0.708333 0.064844 0.105556
0 0.156250 0.321528 0.085938 0.084722
0 0.206641 0.195833 0.071094 0.072222
0 0.080859 0.134722 0.066406 0.058333
0 0.331641 0.135417 0.061719 0.079167
0 0.505469 0.151389 0.051562 0.077778
0 0.452344 0.393750 0.054688 0.079167
0 0.453516 0.507639 0.038281 0.068056
0 0.826563 0.329861 0.059375 0.081944
0 0.764063 0.493056 0.042188 0.061111
0 0.732031 0.533333 0.050000 0.083333
0 0.928906 0.730556 0.056250 0.091667
0 0.790234 0.932639 0.064844 0.065278
0 0.541016 0.309722 0.099219 0.088889
0 0.647656 0.327083 0.076563 0.104167
0 0.661328 0.038889 0.050781 0.066667
0 0.241016 0.527778 0.083594 0.097222
0 0.096484 0.482639 0.071094 0.090278
0 0.023047 0.427083 0.044531 0.087500
0 0.339063 0.279861 0.082813 0.093056
0 0.841797 0.215972 0.086719 0.104167
0 0.923828 0.268750 0.058594 0.084722
0 0.025391 0.572222 0.050781 0.080556
