0 0.544141 0.320139 0.030469 0.031944
0 0.511328 0.338889 0.028906 0.030556
0 0.487891 0.354167 0.019531 0.022222
0 0.462109 0.349306 0.027344 0.031944
0 0.432813 0.339583 0.026563 0.026389
0 0.403906 0.347917 0.020312 0.023611
0 0.437500 0.370833 0.023438 0.025000
0 0.408984 0.380556 0.021094 0.022222
0 0.467578 0.380556 0.028906 0.030556
0 0.507422 0.378472 0.025781 0.031944
0 0.455469 0.406944 0.023438 0.022222
0 0.425781 0.405556 0.025000 0.022222
0 0.443359 0.435417 0.022656 0.026389
0 0.416016 0.438889 0.024219 0.022222
0 0.466797 0.434028 0.019531 0.020833
0 0.490234 0.426389 0.024219 0.022222
0 0.481641 0.402778 0.017969 0.025000
0 0.447656 0.466667 0.025000 0.027778
0 0.469531 0.461111 0.023438 0.025000
0 0.496094 0.450000 0.023438 0.036111
0 0.486328 0.482639 0.022656 0.023611
0 0.463281 0.487500 0.020312 0.027778
0 0.423438 0.470139 0.020312 0.026389
0 0.435156 0.495139 0.015625 0.029167
0 0.474609 0.512500 0.025781 0.030556
0 0.499609 0.508333 0.022656 0.025000
0 0.510938 0.477083 0.017188 0.026389
0 0.524609 0.449306 0.025781 0.037500
0 0.523047 0.412500 0.022656 0.022222
0 0.536719 0.361111 0.021875 0.027778
0 0.537109 0.386806 0.014844 0.026389
0 0.571875 0.372222 0.032812 0.036111
0 0.575391 0.340278 0.021094 0.033333
0 0.577734 0.310417 0.021094 0.026389
0 0.609375 0.322917 0.031250 0.026389
0 0.607813 0.355556 0.032812 0.036111
0 0.611328 0.398611 0.038281 0.047222
0 0.588281 0.450000 0.025000 0.027778
0 0.559766 0.460417 0.024219 0.031944
0 0.530078 0.493750 0.021094 0.034722
0 0.566406 0.500694 0.021875 0.023611
0 0.595312 0.485417 0.026563 0.031944
0 0.585938 0.517361 0.031250 0.029167
0 0.602734 0.540972 0.021094 0.026389
0 0.613281 0.578472 0.023438 0.026389
0 0.598828 0.620139 0.021094 0.026389
0 0.581250 0.588889 0.020312 0.027778
0 0.623047 0.617361 0.019531 0.023611
0 0.615234 0.651389 0.024219 0.036111
0 0.582812 0.650694 0.042188 0.026389
0 0.566406 0.620833 0.021875 0.036111
0 0.553906 0.677778 0.023438 0.033333
0 0.580469 0.694444 0.023438 0.041667
0 0.610937 0.684028 0.034375 0.031944
0 0.579687 0.734028 0.028125 0.026389
0 0.556250 0.715278 0.028125 0.027778
0 0.605078 0.735417 0.019531 0.034722
0 0.591797 0.709028 0.024219 0.037500
0 0.630859 0.709028 0.028906 0.026389
0 0.641406 0.680556 0.029687 0.030556
0 0.675391 0.685417 0.024219 0.040278
0 0.644141 0.738194 0.027344 0.034722
0 0.683594 0.639583 0.040625 0.037500
0 0.703125 0.669444 0.021875 0.044444
0 0.666797 0.597222 0.050781 0.052778
0 0.640625 0.545139 0.050000 0.048611
0 0.621484 0.511806 0.042969 0.040278
0 0.631641 0.472917 0.044531 0.045833
0 0.616797 0.443056 0.025781 0.030556
0 0.643750 0.421528 0.034375 0.040278
0 0.655469 0.388194 0.043750 0.048611
0 0.661328 0.303472 0.038281 0.040278
0 0.643359 0.285417 0.033594 0.031944
0 0.632031 0.254861 0.037500 0.031944
0 0.607031 0.225694 0.042188 0.031944
0 0.592188 0.257639 0.029687 0.026389
0 0.597266 0.291667 0.028906 0.025000
0 0.565625 0.268750 0.020312 0.029167
0 0.544531 0.281944 0.025000 0.025000
0 0.888672 0.231250 0.047656 0.065278
0 0.862891 0.118056 0.038281 0.038889
0 0.883594 0.084722 0.032812 0.033333
0 0.944922 0.052778 0.036719 0.041667
0 0.896094 0.719444 0.043750 0.044444
0 0.937500 0.692361 0.045313 0.056944
0 0.958203 0.795139 0.032031 0.051389
0 0.967969 0.903472 0.042188 0.037500
0 0.988281 0.777778 0.023438 0.038889
0 0.987500 0.733333 0.025000 0.044444
0 0.746875 0.863194 0.032812 0.031944
0 0.723047 0.833333 0.027344 0.033333
0 0.703125 0.795139 0.026563 0.037500
0 0.694531 0.755556 0.029687 0.036111
0 0.676562 0.738194 0.021875 0.029167
0 0.668750 0.716667 0.035937 0.033333
0 0.727344 0.636111 0.042188 0.047222
0 0.721094 0.583333 0.026563 0.038889
0 0.747266 0.602778 0.021094 0.036111
0 0.775781 0.579167 0.029687 0.047222
0 0.751172 0.565278 0.028906 0.033333
0 0.727344 0.547917 0.026563 0.031944
0 0.697656 0.561806 0.032812 0.034722
0 0.689062 0.518056 0.025000 0.036111
0 0.663672 0.489583 0.027344 0.031944
0 0.729297 0.497917 0.033594 0.034722
0 0.748828 0.530556 0.016406 0.025000
0 0.767578 0.503472 0.025781 0.048611
0 0.776563 0.461111 0.032812 0.044444
0 0.745703 0.463889 0.028906 0.030556
0 0.739453 0.423611 0.028906 0.027778
0 0.717578 0.443750 0.032031 0.031944
0 0.710547 0.469444 0.035156 0.030556
0 0.678125 0.459722 0.040625 0.041667
0 0.683594 0.425000 0.029687 0.044444
0 0.707812 0.406944 0.029687 0.033333
0 0.732422 0.381250 0.038281 0.043056
0 0.851562 0.743056 0.039062 0.052778
0 0.810156 0.680556 0.032812 0.033333
0 0.819922 0.712500 0.022656 0.022222
0 0.802734 0.745139 0.022656 0.031944
0 0.785547 0.720139 0.021094 0.026389
0 0.765234 0.769444 0.022656 0.019444
0 0.750781 0.749306 0.020312 0.023611
0 0.515234 0.220139 0.035156 0.048611
0 0.500781 0.179861 0.028125 0.029167
0 0.489062 0.155556 0.021875 0.027778
0 0.486328 0.127778 0.021094 0.022222
