0 0.522266 0.250000 0.097656 0.130556
0 0.317969 0.156250 0.070312 0.079167
0 0.191406 0.178472 0.053125 0.051389
0 0.083984 0.330556 0.039844 0.069444
0 0.163281 0.378472 0.037500 0.043056
0 0.162109 0.557639 0.057031 0.079167
0 0.137109 0.806944 0.041406 0.055556
0 0.325781 0.516667 0.051562 0.050000
0 0.498047 0.613194 0.049219 0.073611
0 0.490234 0.821528 0.047656 0.073611
0 0.869531 0.665278 0.098438 0.105556
0 0.811328 0.866667 0.066406 0.077778
0 0.613281 0.880556 0.039062 0.038889
0 0.602734 0.421528 0.057031 0.081944
0 0.873438 0.184722 0.042188 0.066667
0 0.756641 0.352778 0.055469 0.086111
0 0.676953 0.506944 0.050781 0.072222
0 0.652344 0.158333 0.075000 0.102778
0 0.867578 0.493750 0.066406 0.087500
0 0.953516 0.901389 0.053906 0.072222
0 0.295312 0.343056 0.071875 0.116667
0 0.053516 0.640278 0.033594 0.050000
