0 0.326172 0.099306 0.072656 0.054167
0 0.273047 0.192361 0.055469 0.056944
0 0.389453 0.222222 0.064844 0.075000
0 0.435937 0.065972 0.045313 0.048611
0 0.513672 0.108333 0.050781 0.055556
0 0.609375 0.035417 0.046875 0.045833
0 0.826953 0.093056 0.061719 0.038889
0 0.811328 0.164583 0.035156 0.037500
0 0.905469 0.227083 0.042188 0.051389
0 0.907422 0.416667 0.046094 0.055556
0 0.757031 0.347917 0.046875 0.051389
0 0.811328 0.513889 0.036719 0.050000
0 0.888281 0.608333 0.029687 0.047222
0 0.936328 0.552778 0.028906 0.041667
0 0.951953 0.747222 0.033594 0.047222
0 0.907812 0.930556 0.028125 0.038889
0 0.885547 0.868750 0.028906 0.026389
0 0.857422 0.821528 0.038281 0.051389
0 0.831250 0.740278 0.042188 0.055556
0 0.791797 0.868750 0.042969 0.037500
0 0.696094 0.799306 0.056250 0.059722
0 0.576953 0.906944 0.058594 0.063889
0 0.512109 0.792361 0.050781 0.043056
0 0.464844 0.756944 0.023438 0.047222
0 0.509375 0.603472 0.050000 0.048611
0 0.579297 0.498611 0.052344 0.050000
0 0.672656 0.424306 0.045313 0.059722
0 0.600000 0.311111 0.048437 0.050000
0 0.655078 0.145139 0.055469 0.048611
0 0.951563 0.145139 0.029687 0.029167
0 0.939844 0.054167 0.032812 0.036111
0 0.756641 0.270139 0.033594 0.037500
0 0.662500 0.272917 0.023438 0.031944
0 0.475000 0.285417 0.059375 0.062500
0 0.453125 0.420833 0.051562 0.058333
0 0.350781 0.392361 0.046875 0.059722
0 0.281250 0.312500 0.057813 0.052778
0 0.188281 0.188194 0.059375 0.059722
0 0.175781 0.303472 0.048437 0.059722
0 0.100000 0.380556 0.068750 0.063889
0 0.093750 0.243056 0.039062 0.052778
0 0.088672 0.103472 0.036719 0.045833
0 0.015234 0.168750 0.030469 0.043056
0 0.018750 0.450000 0.028125 0.058333
0 0.105469 0.624306 0.032812 0.048611
0 0.079297 0.743056 0.027344 0.041667
0 0.069531 0.849306 0.035937 0.043056
0 0.069531 0.954167 0.034375 0.050000
0 0.181641 0.836806 0.047656 0.048611
0 0.332031 0.718750 0.034375 0.048611
0 0.391406 0.850694 0.032812 0.048611
0 0.369922 0.522222 0.047656 0.061111
0 0.219141 0.524306 0.072656 0.076389
0 0.233203 0.665972 0.053906 0.090278
0 0.239453 0.420833 0.071094 0.052778
0 0.694922 0.601389 0.047656 0.050000
0 0.267578 0.958333 0.097656 0.083333
0 0.414453 0.982639 0.050781 0.034722
0 0.094531 0.475000 0.026563 0.019444
0 0.123438 0.488889 0.020312 0.016667
0 0.314844 0.593750 0.032812 0.029167
