0 0.503516 0.483333 0.061719 0.069444
0 0.518359 0.702083 0.057031 0.084722
0 0.869531 0.593750 0.062500 0.101389
0 0.876562 0.724306 0.037500 0.087500
0 0.944531 0.802778 0.065625 0.141667
0 0.853906 0.368750 0.067188 0.093056
0 0.626562 0.626389 0.065625 0.063889
0 0.146484 0.547222 0.047656 0.058333
0 0.039062 0.729861 0.053125 0.068056
0 0.080859 0.874306 0.064844 0.073611
0 0.181641 0.720833 0.060156 0.066667
0 0.175781 0.445139 0.059375 0.098611
0 0.092969 0.319444 0.070312 0.058333
0 0.150391 0.188194 0.063281 0.079167
0 0.244141 0.075000 0.041406 0.041667
0 0.435156 0.242361 0.059375 0.073611
0 0.361719 0.406250 0.045313 0.073611
0 0.353906 0.546528 0.042188 0.059722
0 0.386328 0.663889 0.064844 0.063889
0 0.463281 0.831250 0.065625 0.068056
0 0.850000 0.152083 0.057813 0.145833
0 0.729297 0.243056 0.038281 0.041667
0 0.924609 0.460417 0.044531 0.048611
0 0.657422 0.516667 0.041406 0.052778
