0 0.198437 0.491667 0.093750 0.105556
0 0.474609 0.624306 0.085156 0.101389
0 0.395703 0.472917 0.066406 0.068056
0 0.389062 0.258333 0.092188 0.125000
0 0.813672 0.338194 0.074219 0.062500
0 0.888281 0.490278 0.078125 0.083333
0 0.763281 0.600694 0.070312 0.065278
0 0.618359 0.774306 0.063281 0.065278
0 0.622656 0.907639 0.045313 0.043056
0 0.917578 0.743056 0.047656 0.072222
0 0.848047 0.938889 0.067969 0.086111
0 0.927344 0.231250 0.053125 0.084722
0 0.717969 0.079861 0.062500 0.062500
0 0.562500 0.295833 0.082813 0.113889
0 0.542969 0.093056 0.057813 0.088889
0 0.412109 0.045833 0.078906 0.077778
0 0.173438 0.075694 0.112500 0.101389
0 0.036328 0.646528 0.072656 0.151389
0 0.147266 0.802083 0.097656 0.093056
0 0.270312 0.972917 0.075000 0.048611
