0 0.448438 0.033333 0.035937 0.041667
0 0.530078 0.097222 0.035156 0.038889
0 0.720703 0.065278 0.036719 0.047222
0 0.858984 0.083333 0.036719 0.041667
0 0.932813 0.068056 0.035937 0.044444
0 0.982813 0.016667 0.034375 0.033333
0 0.980859 0.129167 0.038281 0.044444
0 0.943359 0.220833 0.027344 0.030556
0 0.970312 0.295139 0.039062 0.062500
0 0.988672 0.411111 0.022656 0.030556
0 0.948047 0.430556 0.030469 0.025000
0 0.860156 0.466667 0.037500 0.038889
0 0.843750 0.308333 0.048437 0.050000
0 0.861719 0.181944 0.034375 0.047222
0 0.819922 0.220139 0.041406 0.037500
0 0.730469 0.163889 0.040625 0.050000
0 0.608594 0.144444 0.045313 0.038889
0 0.549219 0.225000 0.043750 0.038889
0 0.473047 0.238889 0.042969 0.047222
0 0.422266 0.345139 0.039844 0.037500
0 0.532031 0.375694 0.035937 0.051389
0 0.626953 0.359722 0.052344 0.047222
0 0.593359 0.471528 0.038281 0.059722
0 0.500000 0.484028 0.042188 0.051389
0 0.386719 0.551389 0.037500 0.038889
0 0.555859 0.577778 0.035156 0.038889
0 0.719922 0.404861 0.038281 0.043056
0 0.771875 0.337500 0.035937 0.038889
0 0.675391 0.486111 0.041406 0.033333
0 0.694922 0.307639 0.024219 0.026389
0 0.874219 0.589583 0.035937 0.037500
0 0.911719 0.693750 0.046875 0.048611
0 0.824219 0.715278 0.031250 0.038889
0 0.702344 0.644444 0.039062 0.041667
0 0.715234 0.588194 0.038281 0.048611
0 0.761719 0.809722 0.032812 0.047222
0 0.742188 0.738889 0.026563 0.033333
0 0.624219 0.650000 0.042188 0.047222
0 0.609375 0.733333 0.029687 0.033333
0 0.523828 0.795833 0.036719 0.044444
0 0.423828 0.820139 0.036719 0.045833
0 0.411328 0.696528 0.038281 0.051389
0 0.468359 0.909722 0.038281 0.044444
0 0.529297 0.939583 0.039844 0.040278
0 0.664062 0.941667 0.050000 0.036111
0 0.629687 0.840278 0.023438 0.027778
0 0.833203 0.911111 0.042969 0.041667
0 0.828516 0.979167 0.022656 0.036111
0 0.943359 0.840278 0.046094 0.047222
0 0.962109 0.965972 0.030469 0.054167
0 0.862891 0.872917 0.050781 0.056944
