0 0.512109 0.572917 0.077344 0.098611
0 0.626953 0.573611 0.072656 0.088889
0 0.791797 0.488194 0.085156 0.120833
0 0.858594 0.368056 0.082813 0.094444
0 0.935547 0.625000 0.066406 0.086111
0 0.807422 0.650694 0.086719 0.090278
0 0.647266 0.788194 0.071094 0.079167
0 0.417969 0.793750 0.100000 0.087500
0 0.396094 0.361111 0.100000 0.111111
0 0.436719 0.199306 0.071875 0.095833
0 0.217578 0.760417 0.082031 0.095833
0 0.087500 0.902083 0.093750 0.123611
0 0.553125 0.963194 0.100000 0.068056
0 0.778125 0.783333 0.034375 0.055556
0 0.966406 0.200000 0.067188 0.116667
0 0.770312 0.195139 0.118750 0.123611
0 0.613281 0.137500 0.115625 0.108333
0 0.068750 0.325694 0.048437 0.084722
0 0.024609 0.500694 0.039844 0.062500
0 0.129688 0.553472 0.075000 0.115278
0 0.204297 0.503472 0.066406 0.090278
0 0.228516 0.424306 0.074219 0.112500
0 0.566406 0.376389 0.078125 0.069444
0 0.319531 0.545833 0.082813 0.061111
0 0.303125 0.671528 0.053125 0.087500
0 0.684375 0.338889 0.068750 0.083333
