0 0.103516 0.268750 0.052344 0.076389
0 0.256250 0.167361 0.057813 0.073611
0 0.465234 0.147917 0.078906 0.104167
0 0.687891 0.150694 0.066406 0.081944
0 0.577344 0.392361 0.065625 0.070833
0 0.430078 0.427083 0.049219 0.051389
0 0.315234 0.345139 0.047656 0.059722
0 0.600391 0.634028 0.064844 0.079167
0 0.760156 0.532639 0.076563 0.076389
0 0.799219 0.402778 0.051562 0.066667
0 0.953125 0.344444 0.053125 0.063889
0 0.897656 0.374306 0.035937 0.054167
0 0.947656 0.705556 0.064062 0.072222
0 0.704297 0.775000 0.039844 0.050000
0 0.803906 0.820139 0.031250 0.045833
0 0.760938 0.927778 0.029687 0.044444
0 0.605078 0.963194 0.042969 0.056944
0 0.375781 0.692361 0.050000 0.084722
0 0.350781 0.891667 0.059375 0.075000
0 0.216016 0.725000 0.057031 0.061111
0 0.189844 0.893750 0.050000 0.059722
0 0.114453 0.814583 0.044531 0.065278
