0 0.507812 0.381250 0.035937 0.043056
0 0.535547 0.276389 0.030469 0.050000
0 0.594141 0.460417 0.036719 0.048611
0 0.601562 0.398611 0.043750 0.050000
0 0.598437 0.322222 0.039062 0.044444
0 0.714063 0.423611 0.039062 0.041667
0 0.649609 0.546528 0.033594 0.048611
0 0.750391 0.502083 0.036719 0.054167
0 0.826953 0.511806 0.033594 0.043056
0 0.907422 0.553472 0.033594 0.040278
0 0.967969 0.572222 0.029687 0.047222
0 0.920703 0.627083 0.030469 0.031944
0 0.860156 0.743056 0.062500 0.063889
0 0.805469 0.659722 0.053125 0.041667
0 0.714453 0.646528 0.042969 0.037500
0 0.658203 0.746528 0.044531 0.048611
0 0.717578 0.817361 0.039844 0.043056
0 0.690625 0.887500 0.050000 0.063889
0 0.647656 0.197917 0.034375 0.037500
0 0.669922 0.100000 0.042969 0.041667
0 0.760547 0.058333 0.046094 0.041667
0 0.831250 0.086111 0.039062 0.047222
0 0.939453 0.219444 0.030469 0.047222
0 0.966406 0.309722 0.023438 0.041667
0 0.883984 0.293056 0.042969 0.055556
0 0.933203 0.375000 0.042969 0.063889
0 0.847656 0.406944 0.039062 0.047222
0 0.797266 0.265972 0.050781 0.079167
0 0.867188 0.158333 0.035937 0.050000
0 0.512891 0.168056 0.050781 0.052778
0 0.422266 0.200000 0.041406 0.041667
0 0.307813 0.448611 0.081250 0.113889
0 0.382422 0.575000 0.039844 0.072222
0 0.248828 0.701389 0.096094 0.086111
0 0.087891 0.859722 0.032031 0.044444
0 0.362500 0.818056 0.032812 0.044444
0 0.472656 0.653472 0.031250 0.043056
0 0.333594 0.304167 0.048437 0.066667
0 0.453906 0.711111 0.039062 0.047222
0 0.454688 0.847917 0.034375 0.054167
0 0.560938 0.036806 0.067188 0.065278
0 0.421094 0.458333 0.025000 0.041667
0 0.505859 0.543750 0.041406 0.062500
0 0.523828 0.782639 0.035156 0.048611
0 0.535547 0.935417 0.035156 0.037500
0 0.361719 0.666667 0.034375 0.038889
0 0.583594 0.743056 0.032812 0.033333
0 0.569922 0.587500 0.038281 0.038889
0 0.466797 0.418750 0.035156 0.045833
0 0.212500 0.611111 0.046875 0.061111
0 0.180469 0.861111 0.034375 0.036111
0 0.189453 0.961111 0.027344 0.047222
0 0.127344 0.782639 0.031250 0.037500
0 0.892187 0.983333 0.029687 0.033333
0 0.746484 0.372222 0.028906 0.044444
