0 0.257812 0.715972 0.031250 0.037500
0 0.250000 0.938889 0.046875 0.050000
0 0.312500 0.885417 0.042188 0.040278
0 0.360156 0.763889 0.031250 0.033333
0 0.263281 0.620139 0.029687 0.029167
0 0.157031 0.597222 0.031250 0.030556
0 0.140625 0.486111 0.031250 0.033333
0 0.110937 0.398611 0.023438 0.025000
0 0.241406 0.419444 0.035937 0.038889
0 0.153906 0.290278 0.032812 0.038889
0 0.061328 0.667361 0.033594 0.040278
0 0.135937 0.839583 0.032812 0.037500
0 0.175391 0.775000 0.035156 0.033333
0 0.039844 0.795833 0.028125 0.033333
0 0.077344 0.910417 0.032812 0.048611
0 0.025391 0.501389 0.035156 0.050000
0 0.039844 0.389583 0.018750 0.026389
0 0.467969 0.620833 0.029687 0.041667
0 0.516016 0.552083 0.025781 0.031944
0 0.629297 0.480556 0.021094 0.030556
0 0.478125 0.234028 0.026563 0.026389
0 0.400781 0.361806 0.029687 0.034722
0 0.416016 0.225000 0.028906 0.038889
0 0.545703 0.088194 0.022656 0.031944
0 0.296094 0.174306 0.028125 0.034722
0 0.161328 0.147917 0.028906 0.040278
0 0.553125 0.756944 0.048437 0.066667
0 0.709766 0.704167 0.041406 0.038889
0 0.653906 0.584028 0.045313 0.048611
0 0.808984 0.488889 0.038281 0.041667
0 0.831641 0.571528 0.022656 0.037500
0 0.912500 0.514583 0.040625 0.068056
0 0.941797 0.629167 0.041406 0.069444
0 0.893359 0.734028 0.041406 0.037500
0 0.907422 0.787500 0.027344 0.036111
0 0.664453 0.811806 0.036719 0.040278
0 0.830078 0.262500 0.033594 0.047222
0 0.582031 0.220833 0.042188 0.033333
0 0.631641 0.319444 0.025781 0.044444
0 0.674609 0.090972 0.042969 0.043056
0 0.446484 0.131944 0.036719 0.038889
0 0.343750 0.113194 0.037500 0.037500
0 0.391406 0.057639 0.031250 0.029167
0 0.317187 0.061111 0.037500 0.036111
0 0.267969 0.054861 0.034375 0.026389
0 0.026563 0.290972 0.031250 0.043056
0 0.280078 0.373611 0.039844 0.041667
0 0.374609 0.489583 0.035156 0.043056
0 0.426172 0.488889 0.041406 0.036111
0 0.308594 0.523611 0.037500 0.027778
0 0.283203 0.567361 0.030469 0.029167
0 0.066016 0.570139 0.028906 0.029167
0 0.451953 0.724306 0.028906 0.026389
0 0.542188 0.939583 0.037500 0.040278
