0 0.256250 0.246528 0.078125 0.073611
0 0.185547 0.482639 0.052344 0.065278
0 0.227734 0.600694 0.055469 0.073611
0 0.056250 0.634028 0.050000 0.068056
0 0.157031 0.897917 0.057813 0.073611
0 0.393750 0.870139 0.085938 0.081944
0 0.431641 0.588889 0.077344 0.069444
0 0.345313 0.527083 0.046875 0.081944
0 0.360156 0.377778 0.051562 0.088889
0 0.220313 0.370833 0.046875 0.058333
0 0.599219 0.137500 0.056250 0.072222
0 0.446484 0.306944 0.060156 0.052778
0 0.468750 0.427083 0.050000 0.065278
0 0.605859 0.311806 0.060156 0.076389
0 0.582812 0.422917 0.054688 0.054167
0 0.566406 0.569444 0.067188 0.061111
0 0.536719 0.744444 0.054688 0.058333
0 0.666406 0.611806 0.059375 0.087500
0 0.750781 0.674306 0.073437 0.084722
0 0.665625 0.804861 0.064062 0.087500
0 0.887109 0.746528 0.063281 0.090278
0 0.899609 0.849306 0.053906 0.054167
0 0.782812 0.411111 0.064062 0.083333
0 0.710547 0.111111 0.066406 0.108333
0 0.408984 0.040972 0.069531 0.073611
0 0.200781 0.069444 0.035937 0.033333
0 0.075391 0.177778 0.046094 0.052778
0 0.101562 0.337500 0.042188 0.102778
0 0.027344 0.285417 0.046875 0.076389
0 0.338281 0.195139 0.032812 0.040278
0 0.957812 0.240278 0.062500 0.066667
0 0.936328 0.428472 0.041406 0.062500
0 0.768750 0.545833 0.053125 0.061111
0 0.852734 0.085417 0.042969 0.095833
0 0.304688 0.752083 0.062500 0.070833
