0 0.271484 0.068750 0.111719 0.093056
0 0.435547 0.054167 0.097656 0.100000
0 0.491797 0.175694 0.085156 0.090278
0 0.358203 0.233333 0.097656 0.083333
0 0.189844 0.363889 0.117188 0.097222
0 0.614062 0.287500 0.093750 0.138889
0 0.744141 0.133333 0.097656 0.122222
0 0.890234 0.192361 0.092969 0.098611
0 0.813672 0.345833 0.083594 0.069444
0 0.817969 0.581944 0.082813 0.088889
0 0.594531 0.440278 0.100000 0.111111
0 0.674609 0.510417 0.082031 0.079167
0 0.426953 0.356944 0.080469 0.066667
0 0.444141 0.452778 0.057031 0.094444
0 0.156641 0.790972 0.092969 0.087500
0 0.214062 0.935417 0.089062 0.120833
0 0.345703 0.955556 0.105469 0.088889
0 0.294141 0.577083 0.080469 0.090278
0 0.081250 0.589583 0.089062 0.095833
0 0.080859 0.477778 0.060156 0.069444
0 0.607031 0.077083 0.107813 0.079167
0 0.925000 0.075000 0.050000 0.083333
0 0.537109 0.634722 0.103906 0.122222
0 0.658203 0.628472 0.092969 0.095833
0 0.463281 0.809028 0.106250 0.143056
