0 0.075391 0.270833 0.083594 0.077778
0 0.117578 0.190972 0.050781 0.073611
0 0.232031 0.242361 0.089062 0.106944
0 0.257812 0.118056 0.067188 0.088889
0 0.367578 0.149306 0.061719 0.090278
0 0.283594 0.364583 0.078125 0.084722
0 0.169141 0.547917 0.091406 0.115278
0 0.080469 0.609028 0.071875 0.098611
0 0.316406 0.490278 0.082813 0.083333
0 0.392188 0.440278 0.070312 0.088889
0 0.369141 0.291667 0.077344 0.088889
0 0.468750 0.340278 0.085938 0.069444
0 0.513281 0.429167 0.075000 0.055556
0 0.471094 0.564583 0.081250 0.073611
0 0.358984 0.596528 0.078906 0.104167
0 0.279687 0.663889 0.048437 0.061111
0 0.269531 0.761111 0.075000 0.091667
0 0.403125 0.738194 0.098438 0.093056
0 0.146094 0.756944 0.082813 0.069444
0 0.271875 0.864583 0.089062 0.081944
0 0.430859 0.859722 0.089844 0.075000
0 0.526563 0.751389 0.059375 0.066667
0 0.567578 0.533333 0.082031 0.094444
0 0.580078 0.274306 0.102344 0.098611
0 0.550000 0.154861 0.090625 0.090278
0 0.439844 0.200694 0.071875 0.076389
0 0.365234 0.053472 0.071094 0.084722
0 0.461328 0.097917 0.052344 0.056944
0 0.548437 0.054861 0.051562 0.048611
0 0.630078 0.103472 0.047656 0.048611
0 0.668750 0.187500 0.053125 0.077778
0 0.744922 0.131250 0.063281 0.093056
0 0.854297 0.100000 0.096094 0.091667
0 0.824609 0.209028 0.052344 0.056944
0 0.897266 0.272222 0.055469 0.080556
0 0.778125 0.296528 0.070312 0.062500
0 0.690625 0.295139 0.060938 0.065278
0 0.767578 0.411806 0.074219 0.084722
0 0.868750 0.459028 0.050000 0.054167
0 0.936719 0.377083 0.056250 0.070833
0 0.607813 0.430556 0.090625 0.108333
0 0.681250 0.392361 0.062500 0.059722
0 0.713672 0.534722 0.052344 0.077778
0 0.792188 0.529167 0.045313 0.058333
0 0.945703 0.498611 0.071094 0.077778
0 0.976953 0.550694 0.035156 0.048611
0 0.917578 0.636111 0.064844 0.066667
0 0.887891 0.704861 0.074219 0.048611
0 0.814453 0.622222 0.077344 0.075000
0 0.707031 0.670139 0.065625 0.065278
0 0.618359 0.605556 0.053906 0.052778
0 0.554688 0.672222 0.075000 0.058333
0 0.601172 0.761111 0.058594 0.058333
0 0.704297 0.786806 0.072656 0.079167
0 0.808203 0.757639 0.075781 0.068056
0 0.889844 0.819444 0.085938 0.077778
0 0.925000 0.909028 0.051562 0.068056
0 0.777734 0.897917 0.067969 0.079167
0 0.681641 0.893056 0.061719 0.066667
0 0.609375 0.965278 0.093750 0.063889
0 0.226953 0.436111 0.060156 0.080556
0 0.158594 0.373611 0.071875 0.063889
0 0.953906 0.097917 0.070312 0.087500
0 0.548047 0.858333 0.080469 0.063889
0 0.159375 0.677083 0.050000 0.048611
0 0.152344 0.868056 0.064062 0.088889
0 0.354297 0.970139 0.083594 0.059722
