0 0.127344 0.525694 0.057813 0.056944
0 0.244922 0.433333 0.052344 0.052778
0 0.267578 0.604167 0.038281 0.055556
0 0.204297 0.668056 0.049219 0.047222
0 0.105469 0.677778 0.042188 0.036111
0 0.052734 0.538889 0.038281 0.041667
0 0.176563 0.477778 0.040625 0.050000
0 0.178516 0.588194 0.038281 0.048611
0 0.309375 0.511806 0.040625 0.040278
0 0.360547 0.474306 0.030469 0.031944
0 0.436328 0.656944 0.050781 0.047222
0 0.357422 0.652778 0.058594 0.041667
0 0.294922 0.748611 0.036719 0.041667
0 0.216016 0.772222 0.042969 0.036111
0 0.160547 0.824306 0.057031 0.048611
0 0.050391 0.834722 0.039844 0.041667
0 0.052734 0.764583 0.046094 0.043056
0 0.097266 0.919444 0.038281 0.038889
0 0.223828 0.942361 0.041406 0.037500
0 0.328906 0.822222 0.043750 0.055556
0 0.436719 0.841667 0.042188 0.047222
0 0.627734 0.882639 0.044531 0.037500
0 0.606250 0.981944 0.054688 0.036111
0 0.729688 0.912500 0.073437 0.066667
0 0.548047 0.854861 0.038281 0.043056
0 0.505859 0.907639 0.046094 0.051389
0 0.422656 0.936111 0.059375 0.050000
0 0.561328 0.627778 0.038281 0.052778
0 0.487891 0.704167 0.039844 0.047222
0 0.234766 0.310417 0.044531 0.040278
0 0.157422 0.345833 0.041406 0.047222
0 0.090234 0.397222 0.039844 0.047222
0 0.081250 0.313889 0.035937 0.036111
0 0.152734 0.206944 0.030469 0.030556
0 0.172266 0.228472 0.021094 0.037500
0 0.294141 0.188889 0.027344 0.047222
0 0.258594 0.173611 0.029687 0.033333
0 0.044141 0.220833 0.025781 0.041667
0 0.513281 0.463889 0.067188 0.083333
