0 0.121094 0.638889 0.093750 0.072222
0 0.107813 0.542361 0.078125 0.079167
0 0.275391 0.184028 0.061719 0.073611
0 0.365625 0.065972 0.070312 0.079167
0 0.644922 0.271528 0.072656 0.079167
0 0.724609 0.236111 0.082031 0.105556
0 0.954297 0.547222 0.074219 0.105556
0 0.900781 0.768056 0.048437 0.077778
0 0.757422 0.736111 0.036719 0.047222
0 0.305859 0.247917 0.041406 0.040278
0 0.203516 0.216667 0.038281 0.041667
0 0.634766 0.050000 0.046094 0.038889
0 0.658984 0.084028 0.035156 0.040278
0 0.421875 0.949306 0.053125 0.065278
