0 0.271875 0.552083 0.178125 0.226389
0 0.242969 0.767361 0.146875 0.134722
0 0.546094 0.631944 0.121875 0.136111
0 0.725391 0.700694 0.141406 0.145833
0 0.728516 0.559028 0.117969 0.137500
0 0.739062 0.347222 0.134375 0.169444
0 0.829297 0.207639 0.117969 0.131944
0 0.937109 0.336111 0.122656 0.163889
0 0.360547 0.929167 0.183594 0.127778
0 0.653906 0.933333 0.142188 0.133333
0 0.919141 0.914583 0.161719 0.165278
0 0.446094 0.259028 0.209375 0.179167
0 0.621875 0.075694 0.142188 0.131944
0 0.198828 0.063194 0.133594 0.118056
