0 0.467187 0.427083 0.090625 0.112500
0 0.448438 0.585417 0.076563 0.093056
0 0.791016 0.562500 0.074219 0.088889
0 0.554297 0.672917 0.067969 0.070833
0 0.348828 0.712500 0.071094 0.083333
0 0.246484 0.886806 0.063281 0.079167
0 0.314063 0.402778 0.081250 0.077778
0 0.065234 0.347917 0.050781 0.054167
0 0.853516 0.140972 0.086719 0.098611
0 0.765234 0.306250 0.099219 0.093056
0 0.610156 0.381250 0.079687 0.090278
0 0.484375 0.197917 0.070312 0.076389
0 0.628906 0.502778 0.085938 0.100000
0 0.908984 0.372222 0.075781 0.080556
0 0.571094 0.897917 0.071875 0.073611
0 0.697266 0.837500 0.057031 0.083333
0 0.699219 0.956250 0.065625 0.087500
0 0.413281 0.877083 0.064062 0.101389
