0 0.419531 0.568056 0.076563 0.088889
0 0.302734 0.711806 0.116406 0.112500
0 0.089453 0.730556 0.103906 0.108333
0 0.050781 0.486806 0.076563 0.098611
0 0.084766 0.145139 0.074219 0.098611
0 0.283203 0.327083 0.060156 0.087500
0 0.572266 0.155556 0.066406 0.086111
0 0.594531 0.333333 0.059375 0.100000
0 0.950391 0.167361 0.066406 0.101389
0 0.945312 0.488194 0.065625 0.090278
0 0.841797 0.772222 0.063281 0.080556
0 0.632812 0.961806 0.076563 0.070833
0 0.428516 0.929167 0.069531 0.072222
0 0.191016 0.956250 0.075781 0.087500
