0 0.703516 0.525000 0.116406 0.130556
0 0.790234 0.310417 0.094531 0.104167
0 0.734766 0.822917 0.103906 0.104167
0 0.887891 0.816667 0.088281 0.113889
0 0.548828 0.911111 0.086719 0.094444
0 0.181641 0.497917 0.096094 0.101389
0 0.149219 0.327083 0.093750 0.123611
0 0.061719 0.486111 0.064062 0.100000
0 0.186719 0.695139 0.098438 0.104167
0 0.134375 0.949306 0.090625 0.084722
0 0.510547 0.153472 0.086719 0.076389
0 0.443750 0.614583 0.071875 0.165278
0 0.301562 0.855556 0.076563 0.105556
0 0.262109 0.176389 0.064844 0.077778
0 0.171875 0.087500 0.117188 0.088889
0 0.569531 0.722222 0.081250 0.116667
0 0.949219 0.208333 0.067188 0.102778
