0 0.122266 0.141667 0.058594 0.052778
0 0.284766 0.459722 0.102344 0.105556
0 0.195703 0.638889 0.074219 0.072222
0 0.055078 0.405556 0.058594 0.061111
0 0.204688 0.880556 0.057813 0.066667
0 0.472656 0.481944 0.046875 0.066667
0 0.721094 0.544444 0.073437 0.069444
0 0.854297 0.361111 0.055469 0.077778
0 0.685938 0.301389 0.071875 0.086111
0 0.613281 0.124306 0.075000 0.079167
0 0.481641 0.290972 0.058594 0.065278
0 0.347656 0.060417 0.071875 0.068056
0 0.619922 0.706944 0.091406 0.097222
0 0.594531 0.900000 0.084375 0.077778
0 0.061719 0.792361 0.056250 0.068056
0 0.221484 0.215972 0.053906 0.081944
0 0.332031 0.765972 0.067188 0.068056
