0 0.590234 0.577778 0.091406 0.100000
0 0.366016 0.804167 0.066406 0.077778
0 0.096094 0.841667 0.078125 0.091667
0 0.501172 0.310417 0.125781 0.118056
0 0.618750 0.163889 0.082813 0.086111
0 0.673047 0.257639 0.069531 0.093056
0 0.935547 0.222222 0.082031 0.094444
0 0.872266 0.377083 0.075781 0.087500
0 0.807031 0.577083 0.068750 0.098611
0 0.844922 0.827778 0.069531 0.102778
0 0.684375 0.861111 0.076563 0.094444
0 0.247266 0.273611 0.075781 0.086111
0 0.387109 0.150000 0.096094 0.102778
0 0.211719 0.400694 0.067188 0.062500
0 0.407813 0.566667 0.095312 0.108333
0 0.276953 0.654167 0.089844 0.072222
0 0.537891 0.786111 0.066406 0.097222
0 0.261719 0.897917 0.089062 0.068056
