0 0.306641 0.448611 0.063281 0.075000
0 0.464844 0.340278 0.075000 0.058333
0 0.522266 0.462500 0.085156 0.100000
0 0.554688 0.611111 0.050000 0.063889
0 0.668359 0.588194 0.066406 0.070833
0 0.629687 0.370139 0.059375 0.065278
0 0.636719 0.148611 0.070312 0.072222
0 0.946094 0.227778 0.073437 0.075000
0 0.819531 0.615278 0.046875 0.052778
0 0.816797 0.494444 0.052344 0.088889
0 0.606641 0.814583 0.069531 0.087500
0 0.712500 0.880556 0.068750 0.086111
0 0.899609 0.874306 0.067969 0.054167
0 0.470313 0.902778 0.040625 0.041667
0 0.409375 0.772917 0.056250 0.059722
0 0.529297 0.719444 0.041406 0.038889
0 0.409766 0.685417 0.038281 0.031944
0 0.158594 0.905556 0.060938 0.069444
0 0.289062 0.874306 0.034375 0.037500
0 0.276563 0.711806 0.070312 0.070833
0 0.387891 0.259722 0.061719 0.075000
0 0.291016 0.124306 0.063281 0.070833
0 0.745313 0.337500 0.056250 0.052778
0 0.811328 0.709722 0.089844 0.088889
0 0.979688 0.799306 0.040625 0.048611
0 0.114844 0.458333 0.062500 0.061111
0 0.174609 0.379861 0.082031 0.081944
0 0.266797 0.262500 0.055469 0.075000
0 0.166016 0.272222 0.033594 0.036111
0 0.078906 0.243750 0.059375 0.062500
0 0.043750 0.373611 0.045313 0.052778
0 0.499219 0.158333 0.048437 0.086111
0 0.701563 0.465278 0.070312 0.083333
0 0.877344 0.402083 0.068750 0.095833
