0 0.460547 0.354167 0.071094 0.097222
0 0.322266 0.511806 0.088281 0.115278
0 0.673437 0.746528 0.110937 0.129167
0 0.871484 0.634722 0.074219 0.133333
0 0.934766 0.872222 0.092969 0.111111
0 0.855859 0.427083 0.078906 0.070833
0 0.775391 0.214583 0.099219 0.090278
0 0.671875 0.081944 0.117188 0.080556
0 0.426953 0.141667 0.091406 0.075000
0 0.196875 0.161111 0.078125 0.080556
0 0.316797 0.301389 0.074219 0.086111
0 0.202734 0.359028 0.064844 0.073611
0 0.183594 0.585417 0.048437 0.076389
0 0.135156 0.790278 0.101562 0.083333
0 0.391406 0.674306 0.064062 0.095833
0 0.458594 0.747917 0.070312 0.084722
0 0.543750 0.606944 0.065625 0.094444
0 0.594141 0.432639 0.052344 0.087500
0 0.681250 0.572222 0.046875 0.066667
0 0.730859 0.506250 0.036719 0.062500
0 0.721484 0.396528 0.047656 0.095833
0 0.973828 0.236111 0.052344 0.083333
0 0.340234 0.883333 0.091406 0.088889
0 0.035547 0.581944 0.063281 0.088889
0 0.687891 0.949306 0.044531 0.054167
0 0.498047 0.036806 0.038281 0.051389
0 0.089844 0.502083 0.046875 0.062500
