0 0.291406 0.294444 0.056250 0.047222
0 0.498828 0.141667 0.057031 0.075000
0 0.628516 0.056250 0.057031 0.048611
0 0.706250 0.401389 0.075000 0.072222
0 0.771484 0.556944 0.061719 0.088889
0 0.574609 0.848611 0.053906 0.063889
0 0.817187 0.907639 0.065625 0.076389
0 0.928125 0.205556 0.067188 0.086111
0 0.699609 0.184028 0.050781 0.054167
0 0.147656 0.231250 0.057813 0.043056
0 0.085938 0.215278 0.062500 0.072222
0 0.063672 0.350000 0.052344 0.091667
0 0.025781 0.432639 0.051562 0.054167
0 0.511719 0.277083 0.034375 0.059722
0 0.955078 0.547917 0.050781 0.084722
