0 0.298047 0.593056 0.155469 0.166667
0 0.308203 0.886111 0.127344 0.166667
0 0.529688 0.844444 0.148438 0.211111
0 0.620313 0.563889 0.201562 0.222222
0 0.942969 0.490278 0.114063 0.150000
0 0.872656 0.218056 0.162500 0.205556
0 0.714844 0.079861 0.176563 0.159722
0 0.597656 0.255556 0.137500 0.155556
0 0.730859 0.393750 0.082031 0.112500
0 0.435937 0.125000 0.123438 0.122222
0 0.134375 0.095139 0.176563 0.179167
0 0.109375 0.380556 0.151562 0.177778
0 0.085938 0.776389 0.151562 0.177778
0 0.343750 0.379167 0.085938 0.097222
0 0.743359 0.819444 0.100781 0.122222
