0 0.351562 0.377083 0.095312 0.098611
0 0.353125 0.527083 0.073437 0.070833
0 0.291797 0.618056 0.049219 0.058333
0 0.214844 0.488194 0.060938 0.070833
0 0.202344 0.375000 0.076563 0.086111
0 0.113672 0.300000 0.058594 0.063889
0 0.162891 0.191667 0.050781 0.091667
0 0.210547 0.063194 0.075781 0.081944
0 0.050000 0.156250 0.064062 0.059722
0 0.032812 0.401389 0.053125 0.050000
0 0.093359 0.498611 0.060156 0.066667
0 0.173047 0.809028 0.058594 0.079167
0 0.192969 0.912500 0.075000 0.075000
0 0.482031 0.572222 0.064062 0.061111
0 0.567578 0.455556 0.060156 0.066667
0 0.562109 0.286806 0.058594 0.079167
0 0.418750 0.281250 0.076563 0.068056
0 0.464453 0.359028 0.041406 0.043056
0 0.465625 0.436111 0.051562 0.058333
0 0.698438 0.236806 0.065625 0.065278
0 0.667969 0.538194 0.053125 0.054167
0 0.541797 0.693056 0.050781 0.058333
0 0.622656 0.906250 0.068750 0.065278
0 0.718750 0.848611 0.048437 0.050000
0 0.864062 0.727778 0.056250 0.063889
0 0.949609 0.581250 0.055469 0.054167
0 0.975781 0.727778 0.048437 0.061111
0 0.870703 0.431944 0.060156 0.063889
0 0.898828 0.297222 0.057031 0.077778
0 0.703125 0.401389 0.067188 0.052778
0 0.414844 0.961111 0.075000 0.063889
0 0.493359 0.848611 0.052344 0.052778
0 0.039453 0.909722 0.060156 0.069444
0 0.291016 0.261111 0.055469 0.058333
0 0.826172 0.570833 0.083594 0.088889
0 0.410156 0.672917 0.078125 0.068056
