0 0.085547 0.875000 0.110156 0.127778
0 0.264062 0.734722 0.085938 0.133333
0 0.457031 0.677083 0.062500 0.068056
0 0.453906 0.831944 0.056250 0.069444
0 0.514844 0.869444 0.070312 0.072222
0 0.438281 0.975000 0.059375 0.050000
0 0.671094 0.913194 0.070312 0.079167
0 0.882422 0.897917 0.071094 0.109722
0 0.772656 0.677083 0.078125 0.059722
0 0.975000 0.656944 0.050000 0.080556
0 0.878516 0.418056 0.091406 0.063889
0 0.701953 0.269444 0.064844 0.061111
0 0.851562 0.122917 0.090625 0.101389
0 0.654688 0.093056 0.059375 0.069444
0 0.407422 0.186111 0.071094 0.058333
0 0.307422 0.297917 0.067969 0.081944
0 0.166406 0.502083 0.075000 0.084722
0 0.072266 0.337500 0.075781 0.072222
0 0.033594 0.257639 0.037500 0.051389
0 0.018359 0.186111 0.036719 0.063889
0 0.157031 0.062500 0.085938 0.086111
0 0.165625 0.252083 0.056250 0.062500
0 0.658594 0.588889 0.057813 0.069444
0 0.581250 0.412500 0.109375 0.094444
0 0.348828 0.487500 0.077344 0.111111
