0 0.444531 0.304167 0.128125 0.130556
0 0.657031 0.145139 0.101562 0.109722
0 0.930859 0.150000 0.100781 0.111111
0 0.861328 0.566667 0.075781 0.100000
0 0.958984 0.349306 0.082031 0.106944
0 0.701563 0.859722 0.082813 0.086111
0 0.902344 0.863889 0.062500 0.063889
0 0.591406 0.613889 0.114063 0.108333
0 0.292578 0.577778 0.133594 0.091667
0 0.142969 0.468056 0.082813 0.083333
0 0.151953 0.250694 0.060156 0.068056
0 0.164453 0.131250 0.058594 0.065278
0 0.226562 0.362500 0.048437 0.047222
0 0.264062 0.477778 0.043750 0.050000
0 0.361719 0.433333 0.054688 0.072222
0 0.479688 0.584028 0.062500 0.073611
0 0.184375 0.748611 0.050000 0.038889
0 0.121875 0.657639 0.050000 0.056944
0 0.355859 0.042361 0.114844 0.084722
0 0.043750 0.352083 0.087500 0.131944
