0 0.558594 0.572222 0.065625 0.069444
0 0.910937 0.527083 0.075000 0.073611
0 0.809375 0.557639 0.057813 0.056944
0 0.616016 0.138194 0.058594 0.051389
0 0.753906 0.092361 0.050000 0.048611
0 0.413281 0.529861 0.089062 0.065278
0 0.387109 0.805556 0.053906 0.052778
0 0.599219 0.844444 0.064062 0.063889
0 0.128125 0.976389 0.076563 0.047222
0 0.132812 0.797222 0.037500 0.047222
0 0.744531 0.966667 0.043750 0.052778
0 0.669141 0.984722 0.028906 0.025000
0 0.892578 0.919444 0.025781 0.027778
0 0.982813 0.711806 0.034375 0.051389
