0 0.291406 0.563194 0.070312 0.068056
0 0.255469 0.711111 0.045313 0.063889
0 0.250781 0.898611 0.035937 0.066667
0 0.064844 0.772917 0.048437 0.045833
0 0.055469 0.579861 0.051562 0.065278
0 0.113672 0.459028 0.071094 0.134722
0 0.093750 0.172222 0.062500 0.066667
0 0.057813 0.044444 0.048437 0.055556
0 0.186328 0.091667 0.067969 0.077778
0 0.378516 0.255556 0.080469 0.055556
0 0.488672 0.275694 0.061719 0.043056
0 0.585547 0.251389 0.069531 0.052778
0 0.706641 0.167361 0.044531 0.068056
0 0.539844 0.103472 0.081250 0.076389
0 0.851172 0.074306 0.063281 0.062500
0 0.803516 0.200000 0.050781 0.041667
0 0.662500 0.623611 0.053125 0.058333
0 0.728125 0.419444 0.053125 0.069444
0 0.526172 0.626389 0.060156 0.058333
0 0.762109 0.851389 0.033594 0.044444
0 0.933984 0.922917 0.085156 0.076389
0 0.813672 0.698611 0.066406 0.111111
0 0.937500 0.635417 0.054688 0.048611
0 0.953906 0.445139 0.040625 0.056944
0 0.956641 0.195139 0.033594 0.040278
0 0.820312 0.550694 0.040625 0.045833
0 0.559375 0.505556 0.046875 0.075000
0 0.492188 0.418750 0.039062 0.059722
0 0.396875 0.393056 0.045313 0.058333
0 0.224609 0.379167 0.050781 0.061111
0 0.152344 0.301389 0.040625 0.052778
0 0.416797 0.579861 0.071094 0.065278
0 0.681250 0.754861 0.065625 0.051389
0 0.098438 0.945833 0.056250 0.047222
0 0.452734 0.037500 0.083594 0.063889
