0 0.260156 0.862500 0.098438 0.100000
0 0.058594 0.964583 0.085938 0.070833
0 0.063672 0.777083 0.083594 0.120833
0 0.348828 0.620139 0.074219 0.087500
0 0.466016 0.787500 0.063281 0.066667
0 0.743750 0.756944 0.056250 0.069444
0 0.889063 0.602778 0.039062 0.063889
0 0.957031 0.483333 0.053125 0.077778
0 0.911328 0.329167 0.080469 0.066667
0 0.729297 0.439583 0.069531 0.068056
0 0.900391 0.958333 0.075781 0.083333
0 0.964844 0.787500 0.035937 0.047222
0 0.984766 0.833333 0.030469 0.072222
0 0.636719 0.850694 0.048437 0.079167
0 0.512891 0.627083 0.044531 0.054167
0 0.447266 0.661806 0.039844 0.045833
0 0.185156 0.681944 0.054688 0.047222
