0 0.417969 0.364583 0.123438 0.084722
0 0.623828 0.297222 0.142969 0.152778
0 0.419531 0.577083 0.125000 0.140278
0 0.176953 0.397917 0.124219 0.134722
0 0.114063 0.729861 0.089062 0.070833
0 0.064844 0.913194 0.056250 0.073611
0 0.071094 0.521528 0.062500 0.054167
0 0.272656 0.812500 0.068750 0.083333
0 0.650391 0.836111 0.083594 0.102778
0 0.892578 0.454861 0.132031 0.126389
0 0.586719 0.498611 0.089062 0.119444
0 0.919531 0.156250 0.070312 0.087500
0 0.910937 0.297222 0.103125 0.091667
0 0.370703 0.134722 0.091406 0.080556
0 0.182812 0.106250 0.109375 0.084722
0 0.660937 0.060417 0.096875 0.098611
0 0.793359 0.591667 0.066406 0.100000
0 0.638281 0.661806 0.098438 0.079167
0 0.394141 0.868750 0.066406 0.068056
