0 0.416016 0.551389 0.094531 0.100000
0 0.179688 0.650000 0.085938 0.069444
0 0.192578 0.332639 0.082031 0.093056
0 0.906250 0.507639 0.065625 0.048611
0 0.728125 0.725000 0.048437 0.055556
0 0.576953 0.650000 0.078906 0.088889
0 0.502734 0.835417 0.072656 0.109722
0 0.783203 0.938194 0.085156 0.093056
0 0.171094 0.827083 0.103125 0.095833
0 0.278906 0.224306 0.067188 0.079167
0 0.539062 0.405556 0.082813 0.086111
0 0.630078 0.486806 0.064844 0.084722
0 0.848437 0.136806 0.079687 0.081944
0 0.745703 0.279861 0.058594 0.081944
0 0.946094 0.224306 0.060938 0.056944
0 0.753125 0.568056 0.090625 0.100000
0 0.317187 0.684028 0.081250 0.073611
