0 0.335156 0.136806 0.060938 0.076389
0 0.210938 0.354167 0.039062 0.044444
0 0.102734 0.627778 0.053906 0.066667
0 0.048437 0.385417 0.037500 0.065278
0 0.059375 0.802083 0.043750 0.062500
0 0.235547 0.698611 0.046094 0.061111
0 0.341406 0.518750 0.053125 0.068056
0 0.648047 0.234722 0.058594 0.080556
0 0.784375 0.117361 0.060938 0.068056
0 0.922266 0.479861 0.057031 0.095833
0 0.755859 0.761111 0.055469 0.058333
0 0.613281 0.647222 0.062500 0.069444
0 0.521484 0.810417 0.055469 0.056944
0 0.333594 0.888889 0.051562 0.047222
0 0.206641 0.897917 0.041406 0.043056
0 0.836328 0.945833 0.038281 0.069444
