0 0.505859 0.511806 0.047656 0.040278
0 0.352734 0.726389 0.036719 0.047222
0 0.289453 0.831250 0.052344 0.048611
0 0.247266 0.759028 0.039844 0.043056
0 0.173047 0.800000 0.039844 0.047222
0 0.174609 0.721528 0.027344 0.054167
0 0.073828 0.811806 0.038281 0.043056
0 0.060938 0.726389 0.046875 0.041667
0 0.185156 0.285417 0.035937 0.043056
0 0.315234 0.320833 0.041406 0.058333
0 0.508203 0.670833 0.064844 0.058333
0 0.623828 0.551389 0.041406 0.038889
0 0.539844 0.786111 0.034375 0.041667
0 0.721484 0.647222 0.038281 0.036111
0 0.746484 0.740278 0.035156 0.047222
0 0.816406 0.666667 0.035937 0.038889
0 0.805078 0.589583 0.030469 0.051389
0 0.916406 0.569444 0.021875 0.033333
0 0.854297 0.461111 0.050781 0.047222
0 0.953906 0.488194 0.031250 0.056944
0 0.969141 0.667361 0.035156 0.040278
0 0.950000 0.824306 0.035937 0.045833
0 0.540234 0.684028 0.044531 0.048611
0 0.659766 0.163194 0.028906 0.034722
0 0.957031 0.102083 0.040625 0.056944
0 0.951953 0.415972 0.039844 0.051389
0 0.882031 0.340278 0.046875 0.033333
0 0.779688 0.385417 0.021875 0.043056
0 0.708203 0.227083 0.041406 0.031944
0 0.428516 0.508333 0.053906 0.038889
0 0.435156 0.617361 0.050000 0.062500
0 0.354688 0.620833 0.035937 0.047222
0 0.329297 0.540278 0.025781 0.036111
0 0.277344 0.428472 0.042188 0.026389
0 0.260156 0.512500 0.023438 0.033333
0 0.264062 0.630556 0.026563 0.036111
0 0.193750 0.628472 0.031250 0.040278
0 0.139062 0.592361 0.032812 0.026389
0 0.027734 0.434028 0.035156 0.037500
0 0.870703 0.886806 0.041406 0.054167
0 0.834375 0.765278 0.029687 0.041667
0 0.889844 0.793750 0.039062 0.045833
0 0.891406 0.675000 0.031250 0.041667
0 0.851953 0.552778 0.041406 0.052778
0 0.726562 0.478472 0.050000 0.056944
0 0.700391 0.543750 0.041406 0.043056
0 0.616406 0.721528 0.032812 0.051389
0 0.655469 0.816667 0.050000 0.052778
0 0.762109 0.847917 0.038281 0.043056
0 0.687891 0.909028 0.044531 0.045833
0 0.225391 0.231250 0.033594 0.043056
0 0.380469 0.319444 0.034375 0.058333
0 0.492188 0.388194 0.043750 0.045833
