0 0.183594 0.768750 0.189063 0.190278
0 0.352344 0.569444 0.121875 0.138889
0 0.210938 0.261111 0.139062 0.155556
0 0.389844 0.321528 0.135937 0.159722
0 0.562109 0.450694 0.147656 0.123611
0 0.652344 0.599306 0.145313 0.165278
0 0.653906 0.784722 0.150000 0.194444
0 0.483203 0.866667 0.114844 0.100000
0 0.858594 0.440972 0.153125 0.173611
0 0.938672 0.245833 0.122656 0.155556
0 0.661328 0.104167 0.164844 0.175000
0 0.929297 0.690972 0.141406 0.229167
0 0.586719 0.288889 0.121875 0.122222
0 0.281641 0.047917 0.102344 0.081944
