0 0.275000 0.488889 0.035937 0.047222
0 0.195312 0.525000 0.034375 0.038889
0 0.148438 0.629861 0.045313 0.045833
0 0.049219 0.820833 0.039062 0.052778
0 0.019531 0.515278 0.035937 0.041667
0 0.036719 0.398611 0.040625 0.055556
0 0.115625 0.339583 0.045313 0.048611
0 0.053125 0.240972 0.043750 0.037500
0 0.101953 0.116667 0.047656 0.041667
0 0.162109 0.258333 0.044531 0.041667
0 0.201562 0.115278 0.031250 0.041667
0 0.180078 0.056250 0.038281 0.048611
0 0.294141 0.118750 0.038281 0.045833
0 0.296094 0.043056 0.043750 0.044444
0 0.251172 0.225694 0.053906 0.051389
0 0.201562 0.332639 0.026563 0.034722
0 0.230859 0.381250 0.042969 0.043056
0 0.146094 0.469444 0.048437 0.041667
0 0.128125 0.787500 0.042188 0.036111
0 0.116016 0.911806 0.032031 0.043056
0 0.173438 0.711111 0.031250 0.041667
0 0.314063 0.754167 0.050000 0.050000
0 0.215625 0.972222 0.045313 0.047222
0 0.352734 0.875694 0.033594 0.031944
0 0.274609 0.898611 0.035156 0.038889
0 0.327734 0.961806 0.036719 0.037500
0 0.340234 0.384722 0.032031 0.044444
0 0.358594 0.281944 0.040625 0.044444
0 0.416406 0.450000 0.046875 0.038889
0 0.826172 0.456944 0.049219 0.038889
0 0.682031 0.488889 0.032812 0.041667
0 0.495313 0.555556 0.031250 0.036111
0 0.520312 0.739583 0.031250 0.043056
0 0.487891 0.642361 0.035156 0.037500
0 0.703516 0.766667 0.038281 0.038889
0 0.935156 0.864583 0.053125 0.051389
0 0.869531 0.736111 0.026563 0.036111
0 0.753516 0.695833 0.019531 0.033333
0 0.777344 0.893750 0.028125 0.029167
0 0.516406 0.946528 0.032812 0.034722
0 0.483594 0.911111 0.032812 0.036111
0 0.488281 0.811111 0.040625 0.047222
0 0.238672 0.851389 0.046094 0.050000
0 0.619531 0.401389 0.043750 0.052778
0 0.779297 0.350694 0.038281 0.037500
0 0.876562 0.212500 0.037500 0.047222
0 0.931250 0.581250 0.034375 0.043056
0 0.968750 0.539583 0.029687 0.037500
0 0.594531 0.619444 0.023438 0.027778
0 0.489453 0.432639 0.025781 0.023611
