0 0.584766 0.240278 0.085156 0.077778
0 0.487109 0.215278 0.064844 0.075000
0 0.396094 0.285417 0.070312 0.054167
0 0.368750 0.119444 0.059375 0.066667
0 0.260156 0.171528 0.056250 0.068056
0 0.370703 0.438889 0.114844 0.100000
0 0.458594 0.515972 0.056250 0.065278
0 0.557031 0.401389 0.079687 0.083333
0 0.617578 0.515972 0.057031 0.093056
0 0.732422 0.406250 0.099219 0.081944
0 0.856250 0.447222 0.076563 0.083333
0 0.942187 0.368750 0.070312 0.073611
0 0.947266 0.250000 0.052344 0.069444
0 0.891406 0.129167 0.071875 0.066667
0 0.810156 0.268750 0.062500 0.070833
0 0.714063 0.202778 0.062500 0.077778
0 0.559766 0.068750 0.077344 0.073611
0 0.946094 0.540972 0.062500 0.081944
0 0.898047 0.624306 0.067969 0.059722
0 0.777734 0.612500 0.094531 0.072222
0 0.950781 0.814583 0.095312 0.090278
0 0.817187 0.851389 0.071875 0.061111
0 0.684375 0.851389 0.059375 0.069444
0 0.723437 0.754167 0.054688 0.075000
0 0.653125 0.613194 0.043750 0.073611
0 0.573828 0.729861 0.053906 0.076389
0 0.567578 0.825694 0.071094 0.081944
0 0.526172 0.619444 0.071094 0.077778
0 0.294141 0.816667 0.064844 0.072222
0 0.219922 0.929861 0.050781 0.059722
0 0.168359 0.771528 0.049219 0.073611
0 0.141016 0.570833 0.047656 0.069444
0 0.204297 0.472222 0.063281 0.061111
0 0.042578 0.195139 0.047656 0.059722
0 0.101172 0.339583 0.041406 0.059722
0 0.374609 0.668056 0.058594 0.100000
0 0.521875 0.914583 0.045313 0.070833
