0 0.324609 0.209028 0.083594 0.079167
0 0.138281 0.239583 0.071875 0.059722
0 0.141797 0.465278 0.050781 0.063889
0 0.038281 0.545833 0.057813 0.061111
0 0.078906 0.788889 0.050000 0.069444
0 0.140625 0.773611 0.040625 0.058333
0 0.211719 0.890972 0.046875 0.070833
0 0.382422 0.782639 0.052344 0.068056
0 0.328125 0.600694 0.053125 0.093056
0 0.285156 0.417361 0.059375 0.081944
0 0.469922 0.415278 0.071094 0.130556
0 0.530859 0.192361 0.075781 0.140278
0 0.634375 0.322222 0.103125 0.116667
0 0.671484 0.488194 0.066406 0.081944
0 0.635547 0.746528 0.077344 0.087500
0 0.776172 0.574306 0.077344 0.095833
0 0.898438 0.697917 0.085938 0.098611
0 0.962500 0.889583 0.070312 0.084722
0 0.918750 0.459028 0.059375 0.087500
0 0.818750 0.445833 0.064062 0.097222
0 0.818750 0.270139 0.068750 0.090278
0 0.714844 0.110417 0.092188 0.106944
0 0.453125 0.055556 0.089062 0.091667
0 0.422656 0.831250 0.031250 0.059722
0 0.504687 0.593750 0.073437 0.098611
