0 0.313672 0.289583 0.085156 0.093056
0 0.149219 0.566667 0.090625 0.100000
0 0.083984 0.350694 0.077344 0.070833
0 0.282031 0.649306 0.059375 0.062500
0 0.362109 0.810417 0.074219 0.084722
0 0.531641 0.763194 0.060156 0.090278
0 0.731641 0.679167 0.071094 0.094444
0 0.769531 0.864583 0.089062 0.081944
0 0.956250 0.815972 0.064062 0.073611
0 0.717578 0.515278 0.049219 0.077778
0 0.853516 0.194444 0.061719 0.086111
0 0.443359 0.429167 0.102344 0.119444
0 0.256641 0.068750 0.102344 0.093056
0 0.119922 0.886806 0.072656 0.095833
