0 0.317578 0.422917 0.019531 0.026389
0 0.337500 0.397917 0.031250 0.045833
0 0.362891 0.372917 0.036719 0.056944
0 0.348437 0.454167 0.035937 0.044444
0 0.383203 0.429861 0.035156 0.037500
0 0.409375 0.395139 0.032812 0.043056
0 0.390625 0.354861 0.032812 0.037500
0 0.441016 0.362500 0.035156 0.027778
0 0.466797 0.395833 0.028906 0.041667
0 0.434766 0.411806 0.030469 0.029167
0 0.414453 0.441667 0.027344 0.030556
0 0.386328 0.476389 0.028906 0.036111
0 0.440234 0.472917 0.028906 0.048611
0 0.443750 0.530556 0.035937 0.055556
0 0.476562 0.565972 0.026563 0.045833
0 0.497656 0.417361 0.026563 0.029167
0 0.468750 0.442361 0.026563 0.031944
0 0.533203 0.387500 0.033594 0.027778
0 0.521484 0.417361 0.019531 0.031944
0 0.545703 0.431250 0.021094 0.026389
0 0.532812 0.464583 0.023438 0.040278
0 0.512891 0.442361 0.025781 0.023611
0 0.500781 0.465278 0.026563 0.030556
0 0.483203 0.489583 0.033594 0.040278
0 0.517578 0.493750 0.030469 0.026389
0 0.506641 0.531944 0.025781 0.030556
0 0.503906 0.585417 0.031250 0.031944
0 0.529688 0.556944 0.025000 0.036111
0 0.528516 0.602083 0.021094 0.031944
0 0.552344 0.577083 0.029687 0.034722
0 0.539062 0.522222 0.029687 0.038889
0 0.555859 0.491667 0.030469 0.022222
0 0.563281 0.455556 0.014062 0.025000
0 0.388281 0.612500 0.025000 0.030556
0 0.409375 0.638889 0.031250 0.030556
0 0.433984 0.659722 0.028906 0.030556
0 0.442578 0.720833 0.024219 0.036111
0 0.478906 0.706944 0.028125 0.038889
0 0.469141 0.747222 0.027344 0.041667
0 0.443750 0.782639 0.026563 0.037500
0 0.424609 0.809722 0.024219 0.036111
0 0.401172 0.794444 0.024219 0.038889
0 0.416406 0.757639 0.025000 0.031944
0 0.372266 0.763194 0.030469 0.037500
0 0.413672 0.698611 0.019531 0.033333
0 0.505469 0.729167 0.031250 0.041667
0 0.532812 0.759028 0.026563 0.034722
0 0.498437 0.773611 0.031250 0.027778
0 0.478125 0.803472 0.026563 0.037500
0 0.569531 0.778472 0.037500 0.034722
0 0.588672 0.797222 0.033594 0.033333
0 0.619141 0.817361 0.032031 0.040278
0 0.642969 0.843750 0.029687 0.045833
0 0.669922 0.879861 0.032031 0.040278
0 0.639063 0.900000 0.034375 0.027778
0 0.603906 0.869444 0.023438 0.022222
0 0.576172 0.844444 0.024219 0.041667
0 0.551562 0.822222 0.025000 0.033333
0 0.536328 0.856944 0.033594 0.047222
0 0.484766 0.859028 0.030469 0.029167
0 0.614062 0.613889 0.037500 0.047222
0 0.587109 0.586806 0.027344 0.037500
0 0.601953 0.559722 0.025781 0.030556
0 0.569141 0.551389 0.027344 0.038889
0 0.581641 0.518056 0.025781 0.041667
0 0.605078 0.481250 0.036719 0.037500
0 0.613672 0.451389 0.032031 0.038889
0 0.622266 0.523611 0.025781 0.036111
0 0.636328 0.488194 0.024219 0.037500
0 0.649219 0.453472 0.026563 0.029167
0 0.650000 0.413889 0.014062 0.044444
0 0.705469 0.475000 0.028125 0.030556
0 0.714844 0.434028 0.026563 0.026389
0 0.742188 0.458333 0.026563 0.030556
0 0.726172 0.501389 0.027344 0.030556
0 0.671484 0.484028 0.028906 0.031944
0 0.657031 0.514583 0.034375 0.034722
0 0.651563 0.550694 0.032812 0.029167
0 0.631250 0.576389 0.032812 0.027778
0 0.646094 0.606250 0.026563 0.031944
0 0.664062 0.582639 0.028125 0.037500
0 0.694141 0.573611 0.025781 0.036111
0 0.685156 0.545833 0.028125 0.033333
0 0.690625 0.515278 0.020312 0.041667
0 0.716406 0.548611 0.035937 0.038889
0 0.717969 0.595833 0.032812 0.038889
0 0.704687 0.637500 0.040625 0.041667
0 0.685156 0.672222 0.039062 0.036111
0 0.702344 0.699306 0.029687 0.045833
0 0.724219 0.672917 0.032812 0.045833
0 0.750781 0.609028 0.029687 0.034722
0 0.745703 0.567361 0.024219 0.034722
0 0.773047 0.559028 0.028906 0.031944
0 0.750781 0.527083 0.029687 0.029167
0 0.757422 0.484028 0.022656 0.043056
0 0.781250 0.515972 0.029687 0.026389
0 0.787500 0.479861 0.031250 0.043056
