0 0.331250 0.143750 0.065625 0.084722
0 0.437891 0.161111 0.060156 0.080556
0 0.478125 0.365972 0.089062 0.079167
0 0.469141 0.474306 0.091406 0.073611
0 0.330469 0.619444 0.076563 0.122222
0 0.276172 0.752083 0.067969 0.056944
0 0.279687 0.879861 0.084375 0.095833
0 0.423828 0.877083 0.061719 0.073611
0 0.526563 0.875694 0.040625 0.054167
0 0.675391 0.622222 0.058594 0.072222
0 0.704687 0.811806 0.054688 0.073611
0 0.680469 0.936111 0.084375 0.091667
0 0.892187 0.917361 0.082813 0.076389
0 0.833594 0.675000 0.064062 0.094444
0 0.896094 0.565278 0.060938 0.094444
0 0.642187 0.231250 0.060938 0.054167
0 0.673047 0.084722 0.044531 0.055556
0 0.771484 0.136806 0.039844 0.043056
0 0.716406 0.326389 0.059375 0.072222
0 0.072656 0.377083 0.070312 0.120833
0 0.127734 0.168750 0.067969 0.087500
0 0.198437 0.342361 0.117188 0.137500
0 0.290234 0.447222 0.057031 0.094444
0 0.289453 0.344444 0.053906 0.105556
0 0.375781 0.289583 0.082813 0.073611
0 0.149219 0.486111 0.082813 0.094444
0 0.080078 0.584722 0.091406 0.086111
0 0.127344 0.725694 0.067188 0.109722
0 0.242188 0.566667 0.076563 0.141667
0 0.564844 0.528472 0.071875 0.104167
0 0.575391 0.796528 0.039844 0.081944
