0 0.850391 0.407639 0.172656 0.131944
0 0.860937 0.688194 0.125000 0.101389
0 0.676562 0.670833 0.115625 0.169444
0 0.396484 0.698611 0.100781 0.141667
0 0.394922 0.477083 0.100781 0.118056
0 0.521094 0.475000 0.128125 0.136111
0 0.367188 0.184722 0.140625 0.113889
0 0.704687 0.160417 0.078125 0.123611
0 0.093359 0.402083 0.119531 0.131944
0 0.137500 0.125694 0.153125 0.145833
0 0.806641 0.272917 0.078906 0.090278
0 0.585547 0.806944 0.069531 0.083333
0 0.546094 0.725000 0.062500 0.061111
0 0.235547 0.747222 0.099219 0.152778
0 0.642187 0.548611 0.053125 0.050000
0 0.040234 0.710417 0.080469 0.101389
