0 0.876172 0.914583 0.030469 0.045833
0 0.859766 0.870833 0.025781 0.033333
0 0.808984 0.902083 0.050781 0.043056
0 0.497656 0.799306 0.032812 0.045833
0 0.555078 0.783333 0.047656 0.044444
0 0.498047 0.879861 0.016406 0.040278
0 0.531250 0.867361 0.032812 0.029167
0 0.540234 0.983333 0.047656 0.033333
0 0.317969 0.809722 0.042188 0.047222
0 0.364844 0.825694 0.026563 0.026389
0 0.391406 0.797917 0.032812 0.037500
0 0.282422 0.875000 0.030469 0.041667
0 0.224609 0.959722 0.021094 0.030556
0 0.238672 0.890278 0.030469 0.033333
0 0.033203 0.927083 0.024219 0.026389
