0 0.206641 0.486806 0.097656 0.098611
0 0.320312 0.526389 0.084375 0.086111
0 0.414062 0.602083 0.065625 0.093056
0 0.500000 0.511111 0.070312 0.102778
0 0.563672 0.580556 0.057031 0.108333
0 0.550391 0.816667 0.088281 0.169444
0 0.375000 0.799306 0.078125 0.079167
0 0.351562 0.697222 0.084375 0.088889
0 0.250391 0.613889 0.075781 0.080556
0 0.130859 0.600000 0.071094 0.088889
0 0.075781 0.504861 0.070312 0.073611
0 0.051953 0.425694 0.052344 0.056944
0 0.164844 0.331944 0.107813 0.102778
0 0.077344 0.223611 0.075000 0.100000
0 0.411328 0.380556 0.080469 0.094444
0 0.175000 0.724306 0.075000 0.098611
0 0.100781 0.754861 0.062500 0.065278
0 0.032031 0.640972 0.062500 0.090278
0 0.045703 0.864583 0.069531 0.095833
0 0.128125 0.901389 0.078125 0.075000
0 0.249609 0.812500 0.077344 0.097222
0 0.278516 0.910417 0.057031 0.068056
0 0.400000 0.948611 0.079687 0.097222
