0 0.436328 0.214583 0.071094 0.109722
0 0.086328 0.131250 0.044531 0.054167
0 0.219141 0.197917 0.085156 0.087500
0 0.095703 0.317361 0.088281 0.079167
0 0.202734 0.436111 0.088281 0.105556
0 0.151953 0.606250 0.082031 0.095833
0 0.046875 0.738889 0.090625 0.138889
0 0.141797 0.920833 0.091406 0.130556
0 0.301172 0.826389 0.089844 0.116667
0 0.385938 0.732639 0.056250 0.065278
0 0.474609 0.637500 0.078906 0.083333
0 0.421875 0.503472 0.082813 0.109722
0 0.324609 0.375000 0.078906 0.072222
0 0.600781 0.327778 0.082813 0.105556
0 0.629687 0.119444 0.095312 0.130556
0 0.830859 0.355556 0.080469 0.088889
0 0.624219 0.561806 0.078125 0.090278
0 0.719141 0.695833 0.085156 0.108333
0 0.553125 0.812500 0.082813 0.075000
0 0.678906 0.887500 0.062500 0.094444
0 0.882031 0.559028 0.071875 0.087500
