0 0.873438 0.108333 0.034375 0.036111
0 0.850781 0.072917 0.039062 0.031944
0 0.830469 0.111111 0.034375 0.041667
0 0.866016 0.145139 0.046094 0.048611
0 0.271484 0.332639 0.028906 0.034722
0 0.252344 0.315972 0.029687 0.031944
0 0.178906 0.250000 0.035937 0.027778
0 0.156641 0.220139 0.027344 0.031944
0 0.138672 0.189583 0.033594 0.029167
0 0.125781 0.166667 0.021875 0.025000
0 0.145313 0.134722 0.031250 0.025000
0 0.179297 0.133333 0.028906 0.030556
0 0.216797 0.142361 0.025781 0.040278
0 0.174219 0.186806 0.032812 0.034722
0 0.183594 0.209722 0.028125 0.030556
0 0.164062 0.163194 0.031250 0.031944
0 0.114844 0.141667 0.021875 0.022222
0 0.250391 0.389583 0.025781 0.031944
0 0.231641 0.418056 0.033594 0.036111
0 0.214453 0.388194 0.028906 0.029167
0 0.150391 0.633333 0.032031 0.044444
0 0.167578 0.666667 0.035156 0.027778
0 0.194141 0.706944 0.035156 0.044444
0 0.382422 0.632639 0.039844 0.051389
0 0.411719 0.583333 0.021875 0.050000
0 0.738672 0.155556 0.025781 0.025000
0 0.769141 0.152083 0.028906 0.026389
0 0.787109 0.184722 0.024219 0.030556
0 0.758203 0.187500 0.028906 0.025000
0 0.791797 0.212500 0.025781 0.036111
0 0.819922 0.184028 0.030469 0.031944
0 0.800781 0.084722 0.032812 0.038889
0 0.768359 0.092361 0.033594 0.034722
0 0.736719 0.121528 0.028125 0.023611
0 0.695703 0.157639 0.022656 0.031944
0 0.703125 0.122917 0.028125 0.048611
0 0.688281 0.095139 0.021875 0.031944
0 0.664453 0.068056 0.027344 0.033333
0 0.637500 0.045139 0.031250 0.034722
0 0.632031 0.077778 0.032812 0.025000
0 0.646875 0.115278 0.037500 0.033333
0 0.657422 0.159028 0.024219 0.031944
0 0.658594 0.203472 0.025000 0.037500
0 0.635156 0.218750 0.026563 0.034722
0 0.626953 0.181250 0.030469 0.037500
0 0.623828 0.148611 0.024219 0.033333
0 0.608984 0.113194 0.041406 0.056944
0 0.588672 0.058333 0.033594 0.038889
0 0.564844 0.106250 0.037500 0.020833
0 0.574219 0.136806 0.035937 0.020833
0 0.585156 0.169444 0.040625 0.030556
0 0.592969 0.199306 0.037500 0.037500
0 0.607422 0.235417 0.032031 0.034722
0 0.535547 0.250000 0.036719 0.027778
0 0.511719 0.273611 0.028125 0.041667
0 0.449219 0.224306 0.040625 0.048611
0 0.484766 0.210417 0.028906 0.031944
0 0.512500 0.192361 0.026563 0.034722
0 0.490625 0.125694 0.040625 0.043056
0 0.757031 0.052778 0.032812 0.038889
0 0.733203 0.077778 0.041406 0.041667
0 0.701172 0.058333 0.030469 0.041667
0 0.683594 0.030556 0.028125 0.030556
0 0.112500 0.585417 0.039062 0.054167
0 0.148047 0.584028 0.027344 0.043056
0 0.136719 0.544444 0.032812 0.030556
0 0.129688 0.514583 0.026563 0.037500
0 0.169141 0.559722 0.027344 0.041667
