0 0.055469 0.164583 0.056250 0.093056
0 0.148828 0.159722 0.053906 0.058333
0 0.266016 0.209722 0.050781 0.058333
0 0.346875 0.094444 0.037500 0.052778
0 0.060156 0.452778 0.064062 0.075000
0 0.130859 0.585417 0.050781 0.137500
0 0.221484 0.677778 0.061719 0.086111
0 0.111328 0.775000 0.074219 0.075000
0 0.042578 0.902083 0.064844 0.062500
0 0.612500 0.556944 0.053125 0.066667
0 0.328906 0.370833 0.043750 0.077778
0 0.360156 0.675000 0.048437 0.050000
0 0.343750 0.791667 0.028125 0.044444
0 0.464844 0.691667 0.035937 0.061111
0 0.545703 0.819444 0.055469 0.066667
0 0.566406 0.934722 0.051562 0.063889
0 0.667188 0.245139 0.075000 0.070833
0 0.865234 0.406250 0.064844 0.081944
0 0.781641 0.844444 0.052344 0.072222
