0 0.676172 0.665278 0.052344 0.083333
0 0.630859 0.891667 0.041406 0.055556
0 0.696094 0.841667 0.046875 0.047222
0 0.744141 0.899306 0.050781 0.048611
0 0.910547 0.898611 0.042969 0.058333
0 0.979688 0.790972 0.040625 0.051389
0 0.944141 0.584028 0.050781 0.062500
0 0.861328 0.626389 0.047656 0.058333
0 0.625000 0.460417 0.059375 0.045833
0 0.605859 0.552083 0.047656 0.045833
0 0.601953 0.625000 0.049219 0.066667
0 0.805469 0.525000 0.095312 0.091667
0 0.349219 0.918056 0.037500 0.033333
0 0.466016 0.881944 0.047656 0.030556
0 0.612500 0.305556 0.037500 0.055556
