0 0.612891 0.620139 0.064844 0.076389
0 0.515625 0.837500 0.039062 0.063889
0 0.567969 0.681944 0.025000 0.041667
0 0.599609 0.755556 0.033594 0.047222
0 0.635547 0.861806 0.038281 0.076389
0 0.575391 0.939583 0.036719 0.040278
0 0.644141 0.959028 0.044531 0.054167
0 0.719141 0.956250 0.041406 0.048611
0 0.898828 0.377083 0.036719 0.081944
0 0.864844 0.494444 0.035937 0.058333
0 0.921875 0.511111 0.043750 0.050000
0 0.979297 0.598611 0.041406 0.069444
0 0.982813 0.712500 0.034375 0.061111
0 0.910937 0.628472 0.043750 0.062500
0 0.779688 0.522917 0.032812 0.051389
0 0.714453 0.407639 0.038281 0.056944
0 0.696094 0.334028 0.039062 0.059722
0 0.766797 0.260417 0.060156 0.079167
0 0.827734 0.372222 0.033594 0.050000
0 0.838281 0.284722 0.042188 0.063889
0 0.853906 0.216667 0.032812 0.050000
0 0.912500 0.292361 0.046875 0.087500
