0 0.044922 0.122222 0.047656 0.052778
0 0.106250 0.140972 0.037500 0.031944
0 0.122656 0.183333 0.034375 0.036111
0 0.276172 0.636806 0.061719 0.079167
0 0.187109 0.753472 0.055469 0.054167
0 0.189063 0.850000 0.050000 0.063889
0 0.142578 0.936111 0.057031 0.038889
0 0.411719 0.635417 0.037500 0.040278
0 0.319531 0.741667 0.039062 0.047222
0 0.351562 0.862500 0.046875 0.058333
0 0.346484 0.967361 0.057031 0.059722
0 0.473828 0.720139 0.061719 0.065278
0 0.458203 0.825000 0.042969 0.069444
0 0.505078 0.956944 0.053906 0.058333
0 0.667188 0.938194 0.056250 0.062500
0 0.552344 0.886806 0.046875 0.051389
0 0.626172 0.781944 0.057031 0.058333
0 0.577734 0.694444 0.041406 0.052778
0 0.523438 0.588194 0.064062 0.068056
0 0.650391 0.558333 0.060156 0.061111
0 0.728125 0.645833 0.059375 0.091667
0 0.723828 0.775694 0.049219 0.084722
0 0.775781 0.882639 0.040625 0.070833
0 0.828906 0.540972 0.064062 0.098611
0 0.718359 0.486111 0.074219 0.072222
0 0.627344 0.347917 0.071875 0.095833
0 0.511328 0.330556 0.036719 0.047222
0 0.435547 0.381250 0.038281 0.048611
0 0.337109 0.539583 0.053906 0.090278
0 0.302344 0.403472 0.054688 0.059722
0 0.264062 0.218056 0.050000 0.058333
0 0.752344 0.249306 0.042188 0.068056
0 0.877344 0.450000 0.059375 0.094444
0 0.924609 0.536111 0.028906 0.069444
0 0.873828 0.792361 0.075781 0.095833
0 0.879297 0.946528 0.046094 0.045833
0 0.887109 0.111806 0.069531 0.062500
0 0.853125 0.218750 0.048437 0.059722
0 0.671875 0.139583 0.071875 0.070833
0 0.619531 0.234722 0.057813 0.058333
0 0.448047 0.050694 0.063281 0.081944
0 0.366016 0.299306 0.055469 0.062500
0 0.179297 0.632639 0.046094 0.043056
0 0.080078 0.680556 0.050781 0.041667
