0 0.407422 0.428472 0.072656 0.104167
0 0.358984 0.156250 0.061719 0.059722
0 0.750781 0.168056 0.089062 0.113889
0 0.857813 0.175694 0.065625 0.059722
0 0.882031 0.311111 0.078125 0.127778
0 0.812500 0.506944 0.056250 0.083333
0 0.640234 0.459722 0.067969 0.105556
0 0.749609 0.650694 0.103906 0.131944
0 0.941406 0.620139 0.078125 0.090278
0 0.508594 0.818056 0.082813 0.086111
0 0.518750 0.615278 0.054688 0.091667
0 0.246875 0.759028 0.071875 0.070833
0 0.027344 0.606944 0.046875 0.063889
0 0.126172 0.183333 0.071094 0.122222
