0 0.534375 0.541667 0.109375 0.133333
0 0.752344 0.302083 0.082813 0.109722
0 0.474219 0.804167 0.096875 0.122222
0 0.597656 0.809028 0.089062 0.151389
0 0.867188 0.545833 0.100000 0.108333
0 0.382031 0.165278 0.139062 0.130556
0 0.558984 0.129167 0.114844 0.197222
0 0.085547 0.603472 0.080469 0.131944
0 0.176953 0.931944 0.091406 0.130556
0 0.115625 0.176389 0.096875 0.130556
0 0.846094 0.768750 0.098438 0.126389
0 0.731641 0.648611 0.147656 0.136111
0 0.279687 0.463194 0.125000 0.137500
0 0.464844 0.428472 0.085938 0.090278
0 0.744531 0.936806 0.084375 0.120833
