0 0.263672 0.065278 0.072656 0.091667
0 0.135156 0.540278 0.092188 0.150000
0 0.286328 0.688194 0.088281 0.140278
0 0.286328 0.838889 0.077344 0.086111
0 0.485938 0.606944 0.085938 0.113889
0 0.415234 0.890278 0.114844 0.138889
0 0.746094 0.745833 0.107813 0.150000
0 0.742188 0.510417 0.076563 0.131944
0 0.653906 0.345833 0.082813 0.141667
0 0.940234 0.429861 0.075781 0.226389
0 0.945703 0.727083 0.057031 0.118056
0 0.965234 0.095833 0.069531 0.094444
0 0.812500 0.031944 0.067188 0.063889
0 0.712891 0.213194 0.082031 0.134722
0 0.299609 0.454861 0.050781 0.090278
