0 0.635156 0.513194 0.043750 0.056944
0 0.747656 0.519444 0.051562 0.080556
0 0.780859 0.187500 0.038281 0.055556
0 0.931641 0.130556 0.055469 0.058333
0 0.955078 0.312500 0.038281 0.058333
0 0.807031 0.645833 0.028125 0.047222
0 0.856250 0.778472 0.053125 0.070833
0 0.669922 0.904861 0.055469 0.068056
0 0.181641 0.413194 0.052344 0.073611
0 0.402344 0.105556 0.029687 0.033333
0 0.478125 0.113194 0.046875 0.045833
0 0.428906 0.342361 0.040625 0.062500
0 0.108594 0.819444 0.046875 0.047222
0 0.069922 0.761806 0.035156 0.040278
0 0.148828 0.235417 0.038281 0.048611
0 0.277734 0.679167 0.028906 0.052778
