0 0.673047 0.517361 0.069531 0.076389
0 0.576953 0.606250 0.039844 0.040278
0 0.427344 0.477778 0.037500 0.036111
0 0.391406 0.359028 0.034375 0.034722
0 0.390625 0.240972 0.035937 0.045833
0 0.291797 0.326389 0.036719 0.044444
0 0.258203 0.432639 0.049219 0.054167
0 0.261719 0.661806 0.046875 0.048611
0 0.201953 0.702778 0.032031 0.036111
0 0.142969 0.641667 0.029687 0.052778
0 0.098828 0.751389 0.041406 0.036111
0 0.297266 0.788194 0.035156 0.040278
0 0.376563 0.731944 0.034375 0.047222
0 0.452344 0.744444 0.048437 0.047222
0 0.433984 0.625694 0.024219 0.037500
0 0.871484 0.550694 0.041406 0.048611
0 0.822266 0.640972 0.032031 0.034722
0 0.657422 0.704167 0.028906 0.036111
0 0.595312 0.725694 0.029687 0.026389
0 0.642187 0.790972 0.028125 0.029167
0 0.714453 0.870139 0.038281 0.029167
0 0.915234 0.855556 0.035156 0.041667
0 0.846094 0.845139 0.042188 0.056944
