0 0.260547 0.325694 0.080469 0.073611
0 0.105469 0.407639 0.056250 0.068056
0 0.162891 0.179167 0.046094 0.086111
0 0.257812 0.534722 0.050000 0.055556
0 0.230469 0.806944 0.089062 0.144444
0 0.441797 0.777778 0.086719 0.091667
0 0.679297 0.759722 0.092969 0.094444
0 0.847266 0.548611 0.074219 0.105556
0 0.906641 0.779167 0.066406 0.100000
0 0.634375 0.557639 0.081250 0.101389
0 0.411328 0.429861 0.057031 0.059722
0 0.710547 0.116667 0.117969 0.150000
0 0.339844 0.045833 0.056250 0.066667
0 0.801172 0.315972 0.078906 0.104167
0 0.806250 0.963194 0.073437 0.068056
