0 0.311719 0.519444 0.109375 0.088889
0 0.251563 0.765278 0.117188 0.180556
0 0.088672 0.713194 0.055469 0.079167
0 0.076953 0.855556 0.069531 0.094444
0 0.085938 0.422917 0.079687 0.093056
0 0.051172 0.156944 0.083594 0.094444
0 0.153516 0.317361 0.055469 0.073611
0 0.304688 0.213889 0.103125 0.097222
0 0.470313 0.213194 0.076563 0.098611
0 0.624219 0.133333 0.046875 0.077778
0 0.594922 0.260417 0.046094 0.056944
0 0.564844 0.394444 0.035937 0.041667
0 0.481250 0.359722 0.065625 0.063889
0 0.245312 0.390972 0.079687 0.065278
0 0.460547 0.831944 0.082031 0.088889
0 0.572656 0.683333 0.109375 0.069444
0 0.590234 0.761111 0.042969 0.058333
0 0.730078 0.554167 0.085156 0.113889
0 0.756641 0.298611 0.099219 0.141667
0 0.894531 0.107639 0.078125 0.123611
0 0.967188 0.261111 0.051562 0.061111
0 0.885156 0.456250 0.078125 0.081944
0 0.914453 0.607639 0.074219 0.120833
0 0.741406 0.736111 0.120312 0.102778
0 0.603906 0.934722 0.100000 0.111111
0 0.461719 0.586111 0.128125 0.169444
