0 0.490625 0.339583 0.078125 0.068056
0 0.499219 0.560417 0.076563 0.095833
0 0.584766 0.614583 0.055469 0.070833
0 0.641016 0.774306 0.085156 0.079167
0 0.717578 0.930556 0.052344 0.061111
0 0.531641 0.938889 0.089844 0.063889
0 0.350781 0.927778 0.071875 0.052778
0 0.181250 0.765278 0.073437 0.086111
0 0.098047 0.659722 0.063281 0.061111
0 0.195703 0.525694 0.061719 0.048611
0 0.313281 0.584722 0.053125 0.072222
0 0.184375 0.286111 0.076563 0.075000
0 0.118359 0.398611 0.057031 0.069444
0 0.334766 0.338194 0.092969 0.093056
0 0.249609 0.080556 0.057031 0.063889
0 0.305078 0.144444 0.039844 0.055556
0 0.603125 0.181944 0.071875 0.050000
0 0.722656 0.238194 0.056250 0.062500
0 0.668750 0.424306 0.053125 0.068056
0 0.856250 0.234028 0.042188 0.059722
0 0.976562 0.525000 0.046875 0.058333
0 0.953516 0.693056 0.039844 0.055556
0 0.861328 0.870139 0.111719 0.118056
0 0.834766 0.384722 0.058594 0.072222
0 0.704687 0.568056 0.071875 0.077778
0 0.739844 0.661111 0.035937 0.066667
0 0.437500 0.707639 0.076563 0.093056
0 0.332812 0.776389 0.059375 0.075000
0 0.159375 0.925694 0.062500 0.076389
0 0.077734 0.187500 0.058594 0.077778
0 0.719141 0.079167 0.042969 0.063889
0 0.828906 0.045139 0.042188 0.045833
