0 0.309375 0.207639 0.082813 0.070833
0 0.134766 0.176389 0.060156 0.061111
0 0.173438 0.337500 0.060938 0.072222
0 0.233203 0.727083 0.050781 0.084722
0 0.432031 0.575000 0.059375 0.105556
0 0.482422 0.331250 0.058594 0.073611
0 0.488281 0.184722 0.040625 0.061111
0 0.635938 0.131250 0.048437 0.051389
0 0.705859 0.077083 0.042969 0.045833
0 0.755469 0.274306 0.050000 0.051389
0 0.809766 0.493750 0.063281 0.068056
0 0.714453 0.760417 0.078906 0.084722
0 0.508594 0.750694 0.070312 0.087500
0 0.487500 0.915278 0.054688 0.061111
0 0.905859 0.634028 0.053906 0.062500
0 0.962500 0.854167 0.035937 0.075000
0 0.842188 0.762500 0.064062 0.108333
0 0.585938 0.535417 0.046875 0.048611
