0 0.079687 0.708333 0.079687 0.094444
0 0.200391 0.730556 0.058594 0.080556
0 0.300781 0.736111 0.075000 0.091667
0 0.424609 0.782639 0.071094 0.081944
0 0.567578 0.800000 0.082031 0.094444
0 0.712500 0.847222 0.065625 0.080556
0 0.818750 0.861806 0.093750 0.079167
0 0.948828 0.872222 0.063281 0.080556
0 0.481641 0.902778 0.077344 0.063889
0 0.565625 0.954861 0.071875 0.070833
0 0.344531 0.918056 0.098438 0.108333
0 0.246094 0.838194 0.068750 0.054167
0 0.129688 0.818056 0.056250 0.061111
0 0.081250 0.912500 0.078125 0.061111
0 0.035156 0.534722 0.068750 0.069444
0 0.125000 0.582639 0.082813 0.093056
0 0.336719 0.629861 0.078125 0.090278
0 0.274219 0.543750 0.078125 0.093056
0 0.263281 0.445139 0.075000 0.079167
0 0.157031 0.418750 0.079687 0.068056
0 0.058594 0.303472 0.057813 0.059722
0 0.076563 0.139583 0.075000 0.118056
0 0.217187 0.154861 0.065625 0.068056
0 0.237109 0.339583 0.066406 0.109722
0 0.379687 0.360417 0.085938 0.084722
0 0.417969 0.500000 0.100000 0.094444
0 0.514063 0.404861 0.070312 0.095833
0 0.582812 0.328472 0.093750 0.079167
0 0.618359 0.411806 0.053906 0.062500
0 0.553125 0.532639 0.071875 0.081944
0 0.497266 0.624306 0.089844 0.068056
0 0.623828 0.620833 0.053906 0.069444
0 0.666797 0.546528 0.071094 0.079167
0 0.666406 0.756944 0.071875 0.097222
0 0.537109 0.720139 0.074219 0.076389
0 0.742969 0.703472 0.059375 0.070833
0 0.838281 0.647917 0.070312 0.079167
0 0.382812 0.113194 0.068750 0.056944
0 0.374609 0.227083 0.077344 0.087500
0 0.499609 0.161111 0.078906 0.066667
