0 0.046484 0.138889 0.032031 0.027778
0 0.076563 0.159028 0.026563 0.031944
0 0.075781 0.206250 0.026563 0.029167
0 0.105078 0.238194 0.024219 0.026389
0 0.093750 0.275000 0.023438 0.030556
0 0.133594 0.275694 0.020312 0.020833
0 0.134766 0.218750 0.017969 0.026389
0 0.155469 0.250694 0.021875 0.029167
0 0.153906 0.308333 0.021875 0.025000
0 0.179297 0.280556 0.024219 0.022222
0 0.202734 0.308333 0.024219 0.027778
0 0.176172 0.339583 0.030469 0.026389
0 0.200391 0.373611 0.028906 0.030556
0 0.224609 0.347222 0.027344 0.030556
0 0.235547 0.285417 0.022656 0.031944
0 0.210938 0.253472 0.023438 0.029167
0 0.185547 0.215972 0.024219 0.023611
0 0.194531 0.170833 0.026563 0.036111
0 0.219141 0.200694 0.019531 0.029167
0 0.300000 0.279167 0.023438 0.019444
0 0.329688 0.257639 0.020312 0.026389
0 0.373047 0.126389 0.025781 0.022222
0 0.337891 0.146528 0.027344 0.026389
0 0.295312 0.160417 0.023438 0.026389
0 0.267578 0.124306 0.035156 0.034722
0 0.326172 0.218750 0.019531 0.034722
0 0.325000 0.183333 0.026563 0.030556
0 0.058594 0.458333 0.026563 0.033333
0 0.093359 0.481250 0.028906 0.020833
0 0.117578 0.516667 0.032031 0.038889
0 0.144922 0.556250 0.025781 0.026389
0 0.160938 0.608333 0.029687 0.025000
0 0.182422 0.656250 0.024219 0.029167
0 0.203906 0.700000 0.021875 0.030556
0 0.152734 0.691667 0.030469 0.022222
0 0.095312 0.672917 0.029687 0.026389
0 0.327344 0.447222 0.023438 0.033333
0 0.478125 0.168750 0.026563 0.031944
0 0.407422 0.156250 0.028906 0.026389
0 0.403516 0.200694 0.021094 0.034722
0 0.412109 0.093056 0.022656 0.025000
0 0.852734 0.344444 0.028906 0.016667
0 0.937109 0.289583 0.021094 0.031944
0 0.900781 0.592361 0.023438 0.037500
0 0.877344 0.547917 0.026563 0.031944
0 0.866016 0.451389 0.019531 0.027778
0 0.775781 0.484722 0.034375 0.041667
0 0.745313 0.450694 0.029687 0.034722
0 0.253125 0.785417 0.025000 0.031944
0 0.226562 0.740972 0.021875 0.034722
0 0.183203 0.735417 0.021094 0.026389
0 0.202734 0.776389 0.024219 0.022222
0 0.152734 0.844444 0.035156 0.030556
0 0.179688 0.893056 0.029687 0.036111
0 0.369922 0.806944 0.055469 0.066667
0 0.603516 0.799306 0.036719 0.029167
0 0.647266 0.782639 0.024219 0.034722
0 0.699219 0.697917 0.023438 0.034722
0 0.839453 0.688194 0.027344 0.029167
0 0.878516 0.652778 0.025781 0.030556
0 0.856250 0.615972 0.017188 0.031944
0 0.981641 0.699306 0.025781 0.026389
0 0.960547 0.750694 0.027344 0.037500
0 0.958203 0.806250 0.025781 0.031944
0 0.919531 0.786806 0.031250 0.037500
0 0.903125 0.750694 0.025000 0.026389
0 0.883984 0.806944 0.027344 0.033333
0 0.921875 0.829167 0.032812 0.030556
0 0.883594 0.854861 0.031250 0.029167
0 0.916406 0.878472 0.028125 0.045833
0 0.840625 0.876389 0.029687 0.033333
0 0.846094 0.929861 0.039062 0.037500
0 0.876172 0.902083 0.028906 0.034722
0 0.960156 0.850000 0.032812 0.041667
0 0.935938 0.916667 0.025000 0.041667
0 0.977344 0.890972 0.023438 0.040278
0 0.987109 0.799306 0.025781 0.059722
0 0.908203 0.413194 0.027344 0.045833
0 0.897656 0.319444 0.029687 0.044444
0 0.897266 0.257639 0.036719 0.040278
0 0.887109 0.197917 0.027344 0.034722
0 0.919141 0.163194 0.025781 0.040278
0 0.916406 0.092361 0.031250 0.029167
0 0.930078 0.115972 0.022656 0.031944
0 0.944531 0.051389 0.029687 0.027778
0 0.980469 0.933333 0.025000 0.033333
0 0.941406 0.953472 0.023438 0.026389
0 0.906250 0.941667 0.035937 0.044444
0 0.866406 0.968056 0.031250 0.044444
0 0.825781 0.984722 0.040625 0.030556
0 0.258984 0.438889 0.028906 0.036111
0 0.205078 0.419444 0.035156 0.025000
0 0.257422 0.375000 0.025781 0.033333
0 0.495703 0.409028 0.027344 0.034722
0 0.474219 0.429861 0.032812 0.026389
0 0.457031 0.456944 0.021875 0.036111
0 0.401563 0.638194 0.034375 0.040278
0 0.361719 0.663889 0.028125 0.033333
0 0.374219 0.698611 0.029687 0.025000
0 0.419531 0.681944 0.029687 0.025000
0 0.303125 0.519444 0.026563 0.047222
0 0.242188 0.527778 0.029687 0.030556
0 0.255469 0.570833 0.029687 0.036111
0 0.329297 0.494444 0.027344 0.022222
0 0.380078 0.377083 0.035156 0.034722
0 0.360156 0.406250 0.034375 0.031944
0 0.371484 0.445139 0.022656 0.026389
0 0.346484 0.464583 0.019531 0.023611
0 0.487891 0.300694 0.030469 0.031944
0 0.416797 0.390972 0.016406 0.020833
0 0.278516 0.817361 0.025781 0.029167
0 0.303125 0.859028 0.026563 0.040278
0 0.168750 0.968750 0.025000 0.026389
0 0.143359 0.922917 0.036719 0.040278
0 0.121484 0.887500 0.033594 0.036111
0 0.100391 0.850000 0.033594 0.033333
