0 0.363672 0.390972 0.082031 0.093056
0 0.167969 0.542361 0.112500 0.118056
0 0.278516 0.076389 0.082031 0.069444
0 0.377344 0.109028 0.082813 0.087500
0 0.555078 0.054167 0.091406 0.075000
0 0.578516 0.322222 0.086719 0.097222
0 0.402344 0.512500 0.085938 0.086111
0 0.378906 0.709028 0.098438 0.087500
0 0.377734 0.846528 0.100781 0.087500
0 0.175000 0.857639 0.115625 0.101389
0 0.061719 0.379861 0.096875 0.112500
0 0.124609 0.253472 0.061719 0.070833
0 0.544141 0.656250 0.117969 0.134722
0 0.892187 0.645833 0.082813 0.122222
0 0.741797 0.573611 0.091406 0.111111
0 0.682422 0.758333 0.099219 0.100000
0 0.671484 0.918056 0.071094 0.102778
0 0.808203 0.754861 0.053906 0.065278
0 0.887109 0.944444 0.086719 0.097222
0 0.855859 0.460417 0.066406 0.084722
0 0.761719 0.357639 0.110937 0.126389
0 0.787109 0.274306 0.058594 0.073611
0 0.825000 0.163889 0.079687 0.072222
0 0.728125 0.072917 0.060938 0.051389
0 0.189844 0.690972 0.140625 0.104167
