0 0.565625 0.606944 0.121875 0.138889
0 0.321875 0.640278 0.137500 0.119444
0 0.161328 0.731250 0.111719 0.120833
0 0.384375 0.832639 0.137500 0.134722
0 0.216797 0.425000 0.146094 0.152778
0 0.206641 0.206944 0.121094 0.127778
0 0.403906 0.162500 0.109375 0.136111
0 0.500391 0.261111 0.100781 0.152778
0 0.707031 0.356944 0.101562 0.133333
0 0.775391 0.069444 0.083594 0.105556
0 0.845703 0.209028 0.103906 0.109722
0 0.848828 0.503472 0.107031 0.087500
0 0.819141 0.645833 0.097656 0.133333
0 0.698047 0.734028 0.096094 0.104167
0 0.692578 0.884028 0.100781 0.079167
0 0.567969 0.923611 0.071875 0.063889
0 0.337891 0.305556 0.091406 0.094444
0 0.955078 0.350000 0.082031 0.122222
0 0.973437 0.590278 0.053125 0.075000
0 0.919922 0.764583 0.099219 0.115278
0 0.074219 0.606250 0.103125 0.087500
