0 0.314063 0.458333 0.084375 0.094444
0 0.546875 0.729861 0.070312 0.070833
0 0.630078 0.670139 0.058594 0.081944
0 0.489062 0.508333 0.092188 0.100000
0 0.432813 0.584028 0.057813 0.062500
0 0.458203 0.668750 0.049219 0.054167
0 0.195703 0.459028 0.044531 0.065278
0 0.187500 0.556944 0.046875 0.088889
0 0.118359 0.570833 0.072656 0.069444
0 0.110547 0.676389 0.060156 0.069444
0 0.105859 0.477778 0.085156 0.080556
0 0.096484 0.370139 0.066406 0.084722
0 0.076563 0.282639 0.062500 0.070833
0 0.538281 0.221528 0.060938 0.095833
0 0.321875 0.075694 0.059375 0.098611
0 0.446484 0.158333 0.066406 0.063889
