0 0.196484 0.202083 0.094531 0.101389
0 0.045313 0.556944 0.089062 0.152778
0 0.258203 0.500694 0.086719 0.106944
0 0.069531 0.364583 0.053125 0.051389
0 0.028906 0.127778 0.056250 0.072222
0 0.336719 0.326389 0.053125 0.061111
0 0.453516 0.202083 0.067969 0.079167
0 0.457422 0.404861 0.080469 0.079167
0 0.408203 0.594444 0.074219 0.111111
0 0.707031 0.714583 0.082813 0.090278
0 0.825000 0.608333 0.059375 0.100000
0 0.815234 0.857639 0.103906 0.140278
0 0.674609 0.287500 0.096094 0.125000
0 0.193750 0.036111 0.082813 0.052778
