0 0.042188 0.208333 0.076563 0.097222
0 0.253125 0.192361 0.065625 0.098611
0 0.287891 0.335417 0.061719 0.076389
0 0.179297 0.604167 0.058594 0.077778
0 0.243750 0.804861 0.062500 0.070833
0 0.205078 0.947917 0.053906 0.073611
0 0.376563 0.630556 0.054688 0.066667
0 0.438672 0.896528 0.066406 0.087500
0 0.579687 0.740278 0.070312 0.069444
0 0.721875 0.791667 0.106250 0.086111
0 0.690234 0.915278 0.077344 0.088889
0 0.912109 0.928472 0.083594 0.106944
0 0.928125 0.650694 0.081250 0.090278
0 0.931250 0.430556 0.075000 0.100000
0 0.715625 0.439583 0.065625 0.087500
0 0.775000 0.300694 0.071875 0.093056
0 0.770703 0.176389 0.078906 0.102778
0 0.644531 0.104861 0.076563 0.051389
0 0.610547 0.213194 0.085156 0.076389
0 0.414844 0.150000 0.062500 0.080556
0 0.573828 0.468750 0.083594 0.084722
