0 0.443750 0.157639 0.059375 0.065278
0 0.404687 0.274306 0.029687 0.054167
0 0.257422 0.306250 0.078906 0.095833
0 0.207031 0.390972 0.051562 0.051389
0 0.167187 0.469444 0.042188 0.050000
0 0.057422 0.361111 0.041406 0.058333
0 0.058203 0.143056 0.032031 0.050000
0 0.121484 0.224306 0.042969 0.037500
0 0.155078 0.036806 0.042969 0.040278
0 0.206250 0.161111 0.029687 0.044444
0 0.273047 0.060417 0.057031 0.048611
0 0.298828 0.179861 0.047656 0.051389
0 0.381250 0.396528 0.059375 0.054167
0 0.363672 0.490278 0.067969 0.055556
0 0.275781 0.533333 0.073437 0.063889
0 0.074219 0.538889 0.045313 0.052778
0 0.028125 0.753472 0.048437 0.065278
0 0.194531 0.609722 0.053125 0.058333
0 0.163281 0.682639 0.037500 0.048611
0 0.269922 0.701389 0.055469 0.050000
0 0.371484 0.702083 0.064844 0.081944
0 0.487109 0.704861 0.050781 0.059722
0 0.407031 0.798611 0.053125 0.044444
0 0.445312 0.896528 0.059375 0.073611
0 0.339453 0.882639 0.036719 0.048611
0 0.246875 0.869444 0.059375 0.052778
0 0.535547 0.038889 0.035156 0.036111
0 0.739062 0.119444 0.045313 0.047222
0 0.735547 0.227083 0.038281 0.034722
0 0.726172 0.324306 0.027344 0.048611
0 0.891406 0.295139 0.031250 0.043056
0 0.804688 0.406944 0.035937 0.041667
0 0.813672 0.277083 0.024219 0.029167
0 0.636328 0.393056 0.039844 0.036111
0 0.658984 0.577778 0.038281 0.047222
0 0.594141 0.765278 0.053906 0.052778
0 0.655078 0.966667 0.055469 0.047222
0 0.669531 0.859028 0.043750 0.043056
0 0.748438 0.875000 0.046875 0.041667
0 0.875000 0.740972 0.054688 0.037500
0 0.861719 0.943056 0.053125 0.047222
0 0.962891 0.695833 0.035156 0.041667
0 0.921875 0.539583 0.045313 0.048611
0 0.889453 0.438889 0.044531 0.036111
0 0.980469 0.451389 0.035937 0.066667
0 0.979297 0.334722 0.041406 0.050000
0 0.798437 0.514583 0.035937 0.048611
0 0.818750 0.664583 0.039062 0.040278
0 0.597266 0.214583 0.035156 0.031944
0 0.515625 0.485417 0.043750 0.051389
0 0.519141 0.572917 0.057031 0.059722
0 0.841797 0.041667 0.044531 0.044444
0 0.619922 0.095139 0.027344 0.023611
0 0.728516 0.731944 0.030469 0.052778
0 0.484375 0.371528 0.059375 0.070833
