0 0.158984 0.071528 0.044531 0.056944
0 0.094922 0.216667 0.044531 0.055556
0 0.116797 0.345139 0.036719 0.070833
0 0.153516 0.417361 0.033594 0.054167
0 0.108594 0.485417 0.042188 0.043056
0 0.139453 0.569444 0.038281 0.038889
0 0.098828 0.654167 0.041406 0.044444
0 0.100000 0.792361 0.045313 0.056944
0 0.030469 0.734722 0.042188 0.047222
0 0.032422 0.584028 0.042969 0.056944
0 0.027344 0.471528 0.040625 0.048611
0 0.031250 0.388194 0.042188 0.059722
0 0.028906 0.290278 0.050000 0.063889
0 0.182812 0.261111 0.056250 0.077778
0 0.212891 0.145139 0.038281 0.059722
0 0.281641 0.220139 0.046094 0.062500
0 0.274219 0.480556 0.048437 0.063889
0 0.255859 0.581250 0.041406 0.062500
0 0.180078 0.797222 0.044531 0.052778
0 0.151562 0.882639 0.039062 0.048611
0 0.069141 0.936806 0.047656 0.048611
0 0.028906 0.847917 0.045313 0.054167
0 0.178516 0.684028 0.038281 0.056944
0 0.253906 0.836111 0.053125 0.050000
0 0.211328 0.918750 0.041406 0.051389
0 0.323438 0.936806 0.045313 0.048611
0 0.348828 0.790972 0.052344 0.065278
0 0.354688 0.704861 0.029687 0.045833
0 0.325781 0.611111 0.037500 0.061111
0 0.362109 0.495139 0.044531 0.054167
0 0.382812 0.243750 0.050000 0.051389
0 0.396094 0.119444 0.035937 0.066667
0 0.455469 0.190278 0.059375 0.063889
0 0.444922 0.288889 0.039844 0.083333
0 0.473047 0.420833 0.036719 0.063889
0 0.401953 0.611806 0.035156 0.043056
0 0.450781 0.680556 0.031250 0.050000
0 0.498047 0.779167 0.042969 0.058333
0 0.622266 0.580556 0.055469 0.055556
0 0.548047 0.645833 0.050781 0.050000
0 0.603125 0.745139 0.034375 0.031944
0 0.592578 0.850694 0.032031 0.037500
0 0.746875 0.801389 0.043750 0.044444
0 0.721875 0.690278 0.048437 0.061111
0 0.688672 0.738194 0.035156 0.051389
0 0.830078 0.833333 0.033594 0.044444
0 0.767187 0.936806 0.032812 0.037500
0 0.913672 0.822917 0.044531 0.043056
0 0.792188 0.742361 0.050000 0.051389
0 0.875000 0.729861 0.039062 0.048611
0 0.970312 0.756250 0.037500 0.048611
0 0.939453 0.692361 0.053906 0.068056
0 0.938281 0.620833 0.048437 0.063889
0 0.963672 0.556944 0.044531 0.058333
0 0.880859 0.495139 0.036719 0.051389
0 0.887891 0.574306 0.035156 0.043056
0 0.841016 0.636111 0.041406 0.055556
0 0.867578 0.404167 0.049219 0.066667
0 0.793359 0.406250 0.035156 0.054167
0 0.762500 0.495139 0.031250 0.062500
0 0.662500 0.506250 0.053125 0.065278
0 0.579687 0.481944 0.046875 0.058333
0 0.551562 0.337500 0.043750 0.038889
0 0.457422 0.934028 0.060156 0.051389
0 0.515234 0.265972 0.047656 0.059722
0 0.539453 0.213194 0.049219 0.068056
0 0.554688 0.109028 0.039062 0.048611
0 0.602344 0.288194 0.032812 0.059722
0 0.664062 0.143750 0.031250 0.051389
0 0.705859 0.271528 0.038281 0.045833
0 0.695312 0.340972 0.028125 0.045833
0 0.805469 0.306944 0.031250 0.052778
0 0.791406 0.236111 0.037500 0.058333
0 0.827734 0.177083 0.032031 0.048611
0 0.902734 0.236806 0.058594 0.076389
0 0.914062 0.311111 0.032812 0.041667
0 0.775391 0.081944 0.035156 0.038889
0 0.884766 0.102083 0.041406 0.037500
0 0.944922 0.152778 0.024219 0.052778
