0 0.402734 0.551389 0.078906 0.080556
0 0.355859 0.364583 0.102344 0.115278
0 0.154297 0.443056 0.069531 0.113889
0 0.326953 0.709028 0.117969 0.087500
0 0.484375 0.801389 0.101562 0.125000
0 0.592578 0.743056 0.091406 0.113889
0 0.720703 0.461806 0.092969 0.098611
0 0.621094 0.552778 0.112500 0.116667
0 0.542969 0.352083 0.115625 0.137500
0 0.207422 0.255556 0.097656 0.111111
0 0.414062 0.106944 0.082813 0.088889
0 0.862500 0.082639 0.075000 0.090278
0 0.869141 0.279167 0.110156 0.125000
0 0.719922 0.936111 0.086719 0.119444
0 0.917578 0.817361 0.103906 0.084722
0 0.774219 0.689583 0.087500 0.120833
0 0.155469 0.883333 0.089062 0.097222
0 0.119922 0.754167 0.107031 0.105556
0 0.154297 0.631944 0.067969 0.083333
0 0.181641 0.044444 0.088281 0.080556
0 0.348437 0.028472 0.046875 0.056944
0 0.659766 0.049306 0.083594 0.090278
