0 0.415625 0.497222 0.059375 0.052778
0 0.373437 0.534028 0.050000 0.043056
0 0.448828 0.459028 0.030469 0.054167
0 0.487500 0.463194 0.034375 0.040278
0 0.142188 0.188194 0.031250 0.037500
0 0.160547 0.221528 0.024219 0.029167
0 0.175000 0.243750 0.026563 0.026389
0 0.186719 0.277778 0.028125 0.036111
0 0.137891 0.243750 0.028906 0.026389
0 0.118750 0.214583 0.026563 0.026389
0 0.100391 0.193056 0.027344 0.027778
0 0.179297 0.324306 0.028906 0.034722
0 0.153516 0.281944 0.027344 0.038889
0 0.096484 0.313194 0.024219 0.026389
0 0.056250 0.262500 0.026563 0.030556
0 0.016016 0.227083 0.024219 0.023611
0 0.039453 0.211111 0.022656 0.022222
0 0.017578 0.159722 0.032031 0.036111
0 0.047656 0.147222 0.026563 0.022222
0 0.046875 0.179167 0.026563 0.038889
0 0.035937 0.283333 0.026563 0.041667
0 0.012500 0.302778 0.023438 0.025000
0 0.051562 0.340278 0.029687 0.036111
0 0.029687 0.360417 0.026563 0.026389
0 0.057813 0.377778 0.034375 0.038889
0 0.033203 0.400694 0.022656 0.023611
0 0.020703 0.513194 0.027344 0.026389
0 0.060547 0.502778 0.028906 0.027778
0 0.061719 0.532639 0.032812 0.023611
0 0.051953 0.581250 0.028906 0.031944
0 0.036719 0.553472 0.025000 0.029167
0 0.024219 0.606250 0.026563 0.029167
0 0.011328 0.547222 0.022656 0.030556
0 0.510156 0.489583 0.028125 0.040278
0 0.538672 0.517361 0.036719 0.040278
0 0.571094 0.501389 0.040625 0.044444
0 0.529297 0.564583 0.033594 0.040278
0 0.503125 0.538194 0.029687 0.040278
0 0.493750 0.570833 0.028125 0.030556
0 0.556641 0.586806 0.030469 0.031944
0 0.577734 0.612500 0.027344 0.044444
0 0.531641 0.640972 0.041406 0.034722
0 0.516016 0.668750 0.027344 0.037500
0 0.545313 0.617361 0.028125 0.023611
0 0.589453 0.668056 0.035156 0.038889
0 0.651172 0.176389 0.030469 0.044444
0 0.697266 0.161111 0.027344 0.027778
0 0.698047 0.107639 0.035156 0.048611
0 0.793359 0.081250 0.036719 0.037500
0 0.849219 0.090972 0.026563 0.043056
0 0.760156 0.114583 0.042188 0.031944
0 0.759766 0.144444 0.032031 0.036111
0 0.799219 0.163889 0.023438 0.030556
0 0.827344 0.182639 0.025000 0.037500
0 0.801953 0.197917 0.030469 0.029167
0 0.772656 0.186806 0.034375 0.034722
0 0.745313 0.204861 0.029687 0.031944
0 0.728906 0.170139 0.029687 0.031944
0 0.728516 0.131250 0.030469 0.043056
0 0.843750 0.209722 0.028125 0.036111
0 0.871875 0.229861 0.028125 0.045833
0 0.907422 0.261806 0.032031 0.037500
0 0.929688 0.290278 0.025000 0.041667
0 0.878906 0.293056 0.040625 0.038889
0 0.857813 0.265972 0.032812 0.034722
0 0.816406 0.224306 0.026563 0.034722
0 0.835938 0.247222 0.026563 0.041667
0 0.780078 0.223611 0.036719 0.038889
0 0.800781 0.271528 0.039062 0.037500
0 0.817187 0.297917 0.029687 0.034722
0 0.749219 0.252778 0.035937 0.050000
0 0.780078 0.304167 0.032031 0.036111
0 0.809375 0.335417 0.028125 0.037500
0 0.832031 0.357639 0.023438 0.031944
0 0.845312 0.320833 0.026563 0.047222
0 0.851953 0.300000 0.024219 0.044444
0 0.871875 0.349306 0.020312 0.031944
0 0.862891 0.303472 0.002344 0.004167
0 0.900000 0.348611 0.029687 0.033333
0 0.898828 0.315972 0.025781 0.043056
0 0.859766 0.384722 0.033594 0.041667
0 0.885938 0.418750 0.026563 0.048611
0 0.894141 0.386111 0.030469 0.041667
0 0.921094 0.447917 0.028125 0.043056
0 0.914062 0.415278 0.020312 0.036111
0 0.926172 0.384028 0.024219 0.037500
0 0.944531 0.477778 0.031250 0.047222
0 0.974609 0.514583 0.035156 0.048611
0 0.982422 0.474306 0.027344 0.031944
0 0.989062 0.451389 0.021875 0.027778
0 0.989844 0.412500 0.020312 0.030556
0 0.950391 0.324306 0.024219 0.045833
0 0.964063 0.380556 0.048437 0.061111
0 0.954297 0.429167 0.030469 0.055556
0 0.991406 0.550000 0.017188 0.047222
0 0.964453 0.550000 0.038281 0.036111
0 0.937109 0.527778 0.044531 0.052778
0 0.841016 0.438194 0.030469 0.043056
0 0.816797 0.457639 0.030469 0.043056
0 0.806250 0.497222 0.026563 0.041667
0 0.843359 0.479861 0.041406 0.051389
0 0.879297 0.468056 0.036719 0.036111
0 0.769531 0.406250 0.035937 0.034722
0 0.781250 0.463889 0.025000 0.030556
0 0.897656 0.531944 0.035937 0.033333
0 0.929688 0.559722 0.040625 0.033333
0 0.958594 0.575000 0.026563 0.033333
0 0.981250 0.595833 0.026563 0.033333
0 0.987500 0.627778 0.025000 0.033333
0 0.959375 0.615972 0.031250 0.031944
0 0.941406 0.596528 0.029687 0.031944
0 0.883203 0.562500 0.035156 0.036111
0 0.910547 0.585417 0.032031 0.031944
0 0.888281 0.598611 0.028125 0.036111
0 0.917578 0.618750 0.028906 0.037500
0 0.958594 0.643056 0.020312 0.041667
0 0.986719 0.654167 0.026563 0.041667
0 0.701172 0.556250 0.036719 0.040278
0 0.661328 0.579167 0.039844 0.063889
0 0.727344 0.585417 0.035937 0.040278
0 0.741016 0.561111 0.027344 0.025000
0 0.756250 0.582639 0.026563 0.034722
0 0.826172 0.622917 0.042969 0.051389
0 0.721094 0.722222 0.032812 0.033333
0 0.696484 0.748611 0.033594 0.044444
0 0.615234 0.694444 0.039844 0.036111
0 0.612109 0.733333 0.035156 0.041667
0 0.947266 0.788194 0.035156 0.029167
0 0.937500 0.752778 0.039062 0.041667
0 0.983594 0.800000 0.025000 0.025000
0 0.985547 0.825694 0.028906 0.034722
0 0.954687 0.818750 0.039062 0.037500
0 0.923437 0.821528 0.032812 0.037500
0 0.907422 0.771528 0.039844 0.068056
0 0.139062 0.503472 0.031250 0.029167
0 0.142969 0.536111 0.032812 0.027778
0 0.084375 0.617361 0.042188 0.040278
0 0.087500 0.662500 0.035937 0.038889
0 0.156641 0.650000 0.046094 0.036111
0 0.120703 0.643056 0.041406 0.033333
0 0.119922 0.608333 0.035156 0.036111
