0 0.147656 0.169444 0.050000 0.044444
0 0.203906 0.426389 0.059375 0.063889
0 0.171875 0.500694 0.050000 0.054167
0 0.050000 0.695139 0.056250 0.073611
0 0.117578 0.781250 0.053906 0.065278
0 0.225781 0.661806 0.043750 0.059722
0 0.267578 0.568056 0.038281 0.047222
0 0.273047 0.467361 0.044531 0.059722
0 0.267969 0.347917 0.035937 0.051389
0 0.223047 0.306250 0.058594 0.040278
0 0.228125 0.260417 0.050000 0.045833
0 0.273438 0.098611 0.053125 0.038889
0 0.432813 0.126389 0.043750 0.038889
0 0.651172 0.098611 0.058594 0.058333
0 0.726562 0.072222 0.051562 0.052778
0 0.801562 0.153472 0.053125 0.062500
0 0.910156 0.117361 0.043750 0.051389
0 0.871484 0.214583 0.038281 0.045833
0 0.791797 0.245833 0.038281 0.050000
0 0.929688 0.269444 0.034375 0.050000
0 0.809766 0.336806 0.049219 0.051389
0 0.710938 0.293056 0.050000 0.055556
0 0.698047 0.209722 0.052344 0.058333
0 0.577344 0.174306 0.065625 0.051389
0 0.602344 0.268750 0.057813 0.054167
0 0.645312 0.390278 0.042188 0.066667
0 0.601562 0.475000 0.068750 0.061111
0 0.550781 0.539583 0.068750 0.068056
0 0.507812 0.460417 0.059375 0.048611
0 0.535547 0.358333 0.064844 0.061111
0 0.425391 0.216667 0.052344 0.055556
0 0.351953 0.190972 0.067969 0.079167
0 0.370703 0.110417 0.063281 0.073611
0 0.329297 0.267361 0.049219 0.045833
0 0.362500 0.373611 0.042188 0.047222
0 0.391406 0.536111 0.054688 0.069444
0 0.350781 0.640278 0.056250 0.066667
0 0.305078 0.735417 0.050781 0.048611
0 0.145703 0.654861 0.061719 0.065278
0 0.088281 0.556944 0.081250 0.080556
0 0.069531 0.452778 0.046875 0.075000
0 0.189063 0.753472 0.051562 0.062500
0 0.186328 0.850000 0.049219 0.047222
0 0.031641 0.827778 0.055469 0.050000
0 0.027734 0.908333 0.033594 0.052778
0 0.109766 0.868750 0.050781 0.043056
0 0.214453 0.922917 0.047656 0.054167
0 0.316016 0.822222 0.046094 0.041667
0 0.307031 0.921528 0.054688 0.062500
0 0.388281 0.790278 0.050000 0.044444
0 0.476562 0.806944 0.050000 0.052778
0 0.469922 0.679861 0.060156 0.070833
0 0.562500 0.081944 0.062500 0.069444
0 0.482812 0.070139 0.062500 0.048611
0 0.168359 0.097222 0.044531 0.038889
0 0.229687 0.159028 0.035937 0.043056
0 0.124219 0.245833 0.057813 0.036111
0 0.545703 0.654861 0.038281 0.043056
0 0.450391 0.386111 0.046094 0.047222
0 0.493750 0.260417 0.035937 0.048611
0 0.737500 0.559722 0.040625 0.063889
0 0.818359 0.522222 0.039844 0.055556
0 0.907812 0.495833 0.051562 0.061111
0 0.888672 0.619444 0.060156 0.077778
0 0.836328 0.693750 0.036719 0.045833
0 0.894922 0.748611 0.044531 0.052778
0 0.843750 0.858333 0.037500 0.047222
0 0.779688 0.811806 0.045313 0.051389
0 0.661328 0.818750 0.039844 0.043056
0 0.664844 0.716667 0.043750 0.044444
0 0.635938 0.638194 0.035937 0.040278
0 0.546484 0.750000 0.028906 0.036111
0 0.451953 0.925000 0.047656 0.047222
0 0.557813 0.959722 0.031250 0.022222
0 0.680078 0.886806 0.028906 0.026389
0 0.779688 0.917361 0.028125 0.040278
0 0.948438 0.909722 0.035937 0.038889
0 0.978516 0.679167 0.032031 0.052778
0 0.987500 0.546528 0.025000 0.048611
0 0.979297 0.447222 0.033594 0.041667
0 0.894922 0.406944 0.058594 0.033333
0 0.754687 0.429167 0.053125 0.066667
0 0.768359 0.659722 0.042969 0.061111
0 0.735156 0.728472 0.028125 0.031944
