0 0.497266 0.461111 0.119531 0.119444
0 0.386328 0.565278 0.089844 0.083333
0 0.358203 0.686111 0.097656 0.116667
0 0.231250 0.714583 0.109375 0.131944
0 0.180469 0.554861 0.109375 0.131944
0 0.155859 0.221528 0.096094 0.087500
0 0.255859 0.192361 0.082031 0.093056
0 0.366016 0.141667 0.063281 0.094444
0 0.379687 0.308333 0.079687 0.102778
0 0.523047 0.222222 0.082031 0.136111
0 0.250391 0.328472 0.108594 0.120833
0 0.309766 0.436806 0.066406 0.073611
0 0.411719 0.772222 0.075000 0.077778
0 0.296484 0.889583 0.086719 0.126389
0 0.180469 0.952778 0.104687 0.088889
0 0.472656 0.940278 0.070312 0.105556
0 0.540234 0.864583 0.071094 0.104167
0 0.105078 0.075000 0.108594 0.111111
0 0.506641 0.062500 0.097656 0.072222
0 0.590234 0.712500 0.127344 0.138889
0 0.650781 0.554167 0.110937 0.113889
0 0.766406 0.815278 0.112500 0.141667
0 0.790625 0.670139 0.089062 0.106944
0 0.902734 0.738194 0.064844 0.076389
0 0.978125 0.781944 0.043750 0.094444
