0 0.082813 0.270139 0.096875 0.106944
0 0.289844 0.291667 0.118750 0.130556
0 0.200391 0.463889 0.111719 0.108333
0 0.072266 0.678472 0.130469 0.165278
0 0.310937 0.638194 0.121875 0.156944
0 0.470703 0.604167 0.103906 0.144444
0 0.609766 0.592361 0.113281 0.126389
0 0.575391 0.806944 0.141406 0.202778
0 0.812891 0.788194 0.146094 0.173611
0 0.812891 0.548611 0.175781 0.177778
0 0.655859 0.333333 0.210156 0.194444
0 0.960938 0.222917 0.078125 0.168056
0 0.745313 0.072917 0.145313 0.137500
0 0.215234 0.861806 0.096094 0.134722
