0 0.323047 0.297917 0.044531 0.059722
0 0.326172 0.081250 0.039844 0.045833
0 0.606641 0.186111 0.052344 0.047222
0 0.488672 0.365278 0.038281 0.047222
0 0.474219 0.588194 0.043750 0.068056
0 0.558203 0.745833 0.050781 0.069444
0 0.770703 0.679861 0.032031 0.054167
0 0.931641 0.250000 0.072656 0.069444
0 0.906641 0.393750 0.052344 0.068056
0 0.862109 0.630556 0.052344 0.061111
0 0.718750 0.422222 0.054688 0.072222
0 0.745313 0.198611 0.070312 0.080556
0 0.590234 0.474306 0.063281 0.073611
0 0.910547 0.773611 0.044531 0.088889
0 0.887500 0.931250 0.059375 0.068056
