0 0.037109 0.070833 0.036719 0.047222
0 0.121094 0.084028 0.039062 0.054167
0 0.200391 0.113889 0.052344 0.047222
0 0.078906 0.190972 0.046875 0.043056
0 0.070312 0.286111 0.050000 0.052778
0 0.023047 0.422917 0.044531 0.051389
0 0.133594 0.361806 0.032812 0.048611
0 0.208984 0.379861 0.053906 0.054167
0 0.224609 0.281944 0.047656 0.066667
0 0.265625 0.212500 0.046875 0.058333
0 0.350391 0.224306 0.067969 0.098611
0 0.341016 0.324306 0.042969 0.037500
0 0.300391 0.458333 0.047656 0.041667
0 0.203516 0.575694 0.044531 0.043056
0 0.119922 0.493056 0.042969 0.047222
0 0.158203 0.500000 0.042969 0.047222
0 0.044141 0.554167 0.050781 0.033333
0 0.063672 0.613194 0.046094 0.043056
0 0.136328 0.765972 0.027344 0.037500
0 0.227344 0.769444 0.032812 0.041667
0 0.254297 0.659028 0.027344 0.020833
0 0.157031 0.700000 0.031250 0.041667
0 0.119141 0.893750 0.047656 0.048611
0 0.233594 0.863889 0.039062 0.041667
0 0.252734 0.945833 0.024219 0.025000
0 0.323047 0.938889 0.036719 0.038889
0 0.369141 0.826389 0.039844 0.041667
0 0.385156 0.705556 0.032812 0.058333
0 0.387500 0.504167 0.046875 0.058333
0 0.474219 0.466667 0.062500 0.066667
0 0.480859 0.565972 0.055469 0.048611
0 0.433203 0.640278 0.044531 0.047222
0 0.308203 0.608333 0.039844 0.052778
0 0.450781 0.706944 0.034375 0.050000
0 0.487109 0.843750 0.050781 0.062500
0 0.512500 0.968056 0.045313 0.050000
0 0.573828 0.860417 0.042969 0.054167
0 0.625781 0.930556 0.045313 0.058333
0 0.711328 0.836111 0.044531 0.061111
0 0.794922 0.917361 0.046094 0.043056
0 0.901563 0.911111 0.039062 0.041667
0 0.954687 0.862500 0.037500 0.047222
0 0.955078 0.820833 0.033594 0.047222
0 0.928906 0.697917 0.039062 0.048611
0 0.952734 0.577083 0.033594 0.048611
0 0.954297 0.460417 0.047656 0.056944
0 0.836719 0.593750 0.037500 0.056944
0 0.873047 0.530556 0.047656 0.055556
0 0.835938 0.719444 0.045313 0.066667
0 0.696875 0.654167 0.054688 0.044444
0 0.680078 0.752083 0.038281 0.034722
0 0.528516 0.748611 0.038281 0.044444
0 0.580078 0.570833 0.041406 0.058333
0 0.687109 0.572917 0.038281 0.045833
0 0.798828 0.470139 0.066406 0.062500
0 0.676953 0.488194 0.038281 0.056944
0 0.560156 0.224306 0.026563 0.040278
0 0.498828 0.170833 0.032031 0.047222
0 0.484766 0.305556 0.025781 0.055556
0 0.458594 0.225694 0.040625 0.043056
0 0.567187 0.056250 0.039062 0.045833
0 0.663281 0.118056 0.035937 0.047222
0 0.814062 0.131250 0.029687 0.051389
0 0.875000 0.194444 0.060938 0.086111
0 0.923828 0.331944 0.052344 0.044444
0 0.848437 0.334028 0.037500 0.045833
0 0.750000 0.273611 0.037500 0.044444
0 0.742578 0.352083 0.047656 0.043056
0 0.732422 0.406250 0.044531 0.054167
0 0.633594 0.406250 0.076563 0.070833
0 0.928125 0.079167 0.045313 0.050000
0 0.980859 0.962500 0.035156 0.036111
