0 0.499219 0.482639 0.093750 0.093056
0 0.360938 0.779861 0.098438 0.126389
0 0.228906 0.629861 0.112500 0.131944
0 0.201562 0.447222 0.067188 0.105556
0 0.130078 0.219444 0.085156 0.069444
0 0.119531 0.325694 0.078125 0.095833
0 0.061719 0.419444 0.050000 0.100000
0 0.221094 0.086806 0.059375 0.079167
0 0.555859 0.100000 0.069531 0.063889
0 0.561328 0.221528 0.060156 0.062500
0 0.636328 0.322917 0.049219 0.068056
0 0.661328 0.442361 0.063281 0.051389
0 0.670313 0.714583 0.064062 0.081944
0 0.625781 0.590972 0.062500 0.084722
0 0.789062 0.413194 0.034375 0.068056
0 0.727734 0.188889 0.052344 0.072222
0 0.848437 0.281250 0.054688 0.090278
0 0.958203 0.145139 0.080469 0.123611
0 0.840625 0.562500 0.065625 0.066667
0 0.873828 0.734028 0.064844 0.084722
0 0.846875 0.902083 0.078125 0.051389
0 0.696094 0.896528 0.106250 0.081944
0 0.558984 0.861111 0.083594 0.080556
0 0.341016 0.142361 0.072656 0.073611
0 0.429297 0.276389 0.055469 0.100000
0 0.256641 0.241667 0.058594 0.058333
0 0.204688 0.848611 0.087500 0.102778
0 0.038672 0.840972 0.077344 0.093056
