0 0.074609 0.036806 0.088281 0.070833
0 0.152734 0.149306 0.096094 0.098611
0 0.050391 0.245139 0.069531 0.068056
0 0.136719 0.369444 0.112500 0.075000
0 0.183203 0.514583 0.091406 0.087500
0 0.096094 0.651389 0.076563 0.108333
0 0.090234 0.829861 0.060156 0.070833
0 0.233203 0.696528 0.074219 0.084722
0 0.184766 0.909722 0.088281 0.091667
0 0.339453 0.788194 0.071094 0.076389
0 0.421875 0.893750 0.082813 0.087500
0 0.514844 0.916667 0.040625 0.047222
0 0.662109 0.886111 0.094531 0.091667
0 0.820703 0.865972 0.077344 0.095833
0 0.931641 0.612500 0.078906 0.086111
0 0.910547 0.722222 0.033594 0.052778
0 0.895703 0.814583 0.044531 0.068056
0 0.948828 0.473611 0.099219 0.125000
0 0.955078 0.366667 0.082031 0.086111
0 0.876172 0.127083 0.083594 0.081944
0 0.908594 0.228472 0.056250 0.073611
0 0.892969 0.322222 0.051562 0.055556
0 0.741406 0.361806 0.079687 0.098611
0 0.799219 0.476389 0.100000 0.088889
0 0.711328 0.570139 0.055469 0.073611
0 0.819141 0.666667 0.057031 0.058333
0 0.667578 0.759722 0.102344 0.108333
0 0.585547 0.668056 0.078906 0.088889
0 0.513281 0.777083 0.109375 0.101389
0 0.432031 0.675694 0.095312 0.081944
0 0.342969 0.532639 0.101562 0.112500
0 0.232422 0.256944 0.089844 0.100000
0 0.300391 0.117361 0.100781 0.084722
0 0.446875 0.343056 0.089062 0.094444
0 0.489062 0.456250 0.051562 0.087500
0 0.613281 0.534028 0.095312 0.084722
0 0.600000 0.297917 0.085938 0.068056
0 0.687891 0.205556 0.078906 0.108333
0 0.710938 0.060417 0.089062 0.068056
0 0.577344 0.151389 0.092188 0.080556
0 0.506250 0.065278 0.065625 0.077778
0 0.398047 0.227083 0.094531 0.093056
0 0.316406 0.338889 0.056250 0.058333
