0 0.448828 0.487500 0.094531 0.108333
0 0.343750 0.304861 0.079687 0.106944
0 0.349609 0.099306 0.139844 0.126389
0 0.549219 0.100694 0.095312 0.134722
0 0.544922 0.247222 0.067969 0.097222
0 0.687109 0.225694 0.060156 0.095833
0 0.935547 0.095139 0.128906 0.145833
0 0.874219 0.356250 0.076563 0.093056
0 0.941016 0.504861 0.061719 0.101389
0 0.939062 0.729861 0.101562 0.151389
0 0.784766 0.920139 0.083594 0.087500
0 0.587891 0.736111 0.097656 0.100000
0 0.665625 0.646528 0.084375 0.090278
0 0.771484 0.527778 0.074219 0.102778
0 0.671875 0.434028 0.106250 0.179167
0 0.691797 0.050000 0.080469 0.080556
0 0.128516 0.268056 0.096094 0.138889
0 0.139844 0.563889 0.062500 0.161111
0 0.116797 0.800694 0.071094 0.065278
0 0.284375 0.696528 0.090625 0.084722
0 0.394922 0.828472 0.113281 0.129167
0 0.471484 0.671528 0.049219 0.087500
0 0.659766 0.817361 0.047656 0.051389
0 0.596094 0.950000 0.068750 0.072222
