0 0.749219 0.163889 0.034375 0.044444
0 0.784375 0.148611 0.037500 0.047222
0 0.813281 0.186111 0.023438 0.041667
0 0.946875 0.253472 0.023438 0.040278
0 0.987500 0.235417 0.025000 0.037500
0 0.980469 0.272222 0.028125 0.027778
0 0.948438 0.330556 0.035937 0.036111
0 0.924219 0.347917 0.034375 0.034722
0 0.892187 0.369444 0.026563 0.030556
0 0.897266 0.313889 0.024219 0.033333
0 0.863672 0.336111 0.025781 0.025000
0 0.814453 0.331250 0.024219 0.031944
0 0.834375 0.311806 0.032812 0.040278
0 0.850000 0.270833 0.029687 0.038889
0 0.946484 0.374306 0.021094 0.029167
0 0.988281 0.507639 0.023438 0.031944
0 0.956641 0.502083 0.024219 0.037500
0 0.971484 0.526389 0.013281 0.030556
0 0.814062 0.234028 0.034375 0.045833
