0 0.151172 0.436806 0.110156 0.131944
0 0.219531 0.689583 0.145313 0.143056
0 0.175391 0.897917 0.157031 0.162500
0 0.386719 0.930556 0.110937 0.119444
0 0.411328 0.475694 0.127344 0.168056
0 0.520312 0.570833 0.082813 0.152778
0 0.569922 0.469444 0.063281 0.086111
0 0.753516 0.383333 0.108594 0.119444
0 0.866016 0.781944 0.105469 0.158333
0 0.728516 0.825000 0.103906 0.113889
0 0.648438 0.674306 0.112500 0.145833
0 0.936328 0.295833 0.127344 0.177778
0 0.888281 0.102083 0.137500 0.165278
0 0.523438 0.279861 0.135937 0.179167
0 0.218359 0.213889 0.127344 0.150000
0 0.327344 0.133333 0.101562 0.136111
0 0.519922 0.100000 0.130469 0.127778
