0 0.528516 0.440972 0.086719 0.098611
0 0.685938 0.580556 0.082813 0.113889
0 0.235547 0.955556 0.089844 0.088889
0 0.357812 0.208333 0.095312 0.091667
0 0.837891 0.315972 0.072656 0.106944
0 0.761719 0.325694 0.073437 0.126389
0 0.821875 0.511111 0.098438 0.094444
0 0.882422 0.937500 0.100781 0.111111
0 0.861328 0.748611 0.119531 0.136111
0 0.594141 0.952778 0.111719 0.088889
0 0.416016 0.912500 0.107031 0.108333
0 0.155859 0.545139 0.077344 0.098611
0 0.049219 0.465278 0.098438 0.125000
0 0.116797 0.210417 0.075781 0.093056
0 0.068750 0.164583 0.040625 0.051389
0 0.196875 0.081250 0.067188 0.090278
0 0.145313 0.304167 0.050000 0.088889
0 0.210156 0.310417 0.062500 0.073611
0 0.362891 0.411111 0.094531 0.097222
0 0.466797 0.564583 0.083594 0.134722
0 0.295703 0.713194 0.127344 0.104167
0 0.590625 0.132639 0.081250 0.126389
0 0.636719 0.336111 0.076563 0.100000
0 0.144922 0.812500 0.091406 0.116667
