0 0.756250 0.493750 0.085938 0.098611
0 0.791797 0.765972 0.110156 0.115278
0 0.713672 0.937500 0.077344 0.100000
0 0.601953 0.611806 0.086719 0.151389
0 0.307422 0.756250 0.136719 0.129167
0 0.142188 0.909028 0.098438 0.154167
0 0.414844 0.445833 0.150000 0.166667
0 0.646484 0.250694 0.149219 0.145833
0 0.450000 0.148611 0.109375 0.113889
0 0.178906 0.144444 0.131250 0.133333
0 0.597266 0.444444 0.088281 0.152778
0 0.759766 0.061111 0.122656 0.091667
0 0.069922 0.577083 0.124219 0.120833
0 0.499609 0.625000 0.088281 0.130556
0 0.957422 0.610417 0.085156 0.143056
