0 0.524609 0.726389 0.091406 0.116667
0 0.296484 0.869444 0.091406 0.094444
0 0.115625 0.915278 0.096875 0.080556
0 0.077344 0.788889 0.125000 0.144444
0 0.237109 0.667361 0.128906 0.151389
0 0.153906 0.498611 0.104687 0.150000
0 0.388672 0.409028 0.099219 0.140278
0 0.595312 0.527083 0.095312 0.137500
0 0.635938 0.272222 0.118750 0.122222
0 0.867188 0.273611 0.095312 0.113889
0 0.766797 0.436806 0.107031 0.115278
0 0.771094 0.570139 0.078125 0.137500
0 0.906250 0.490278 0.053125 0.086111
0 0.906641 0.690972 0.100781 0.106944
0 0.826172 0.867361 0.078906 0.090278
0 0.938672 0.790972 0.053906 0.073611
0 0.968359 0.171528 0.063281 0.081944
