0 0.678906 0.654861 0.045313 0.043056
0 0.760156 0.744444 0.046875 0.047222
0 0.773047 0.860417 0.028906 0.043056
0 0.795313 0.922222 0.032812 0.044444
0 0.571094 0.800694 0.031250 0.031944
0 0.524609 0.751389 0.046094 0.047222
0 0.486328 0.848611 0.049219 0.052778
0 0.563672 0.941667 0.039844 0.061111
0 0.401172 0.835417 0.047656 0.056944
0 0.412109 0.756944 0.042969 0.047222
0 0.418750 0.713889 0.035937 0.047222
0 0.418359 0.165972 0.033594 0.037500
0 0.563281 0.314583 0.031250 0.056944
0 0.760156 0.322917 0.032812 0.043056
0 0.880078 0.311111 0.047656 0.072222
0 0.710547 0.465972 0.082031 0.059722
0 0.214844 0.455556 0.040625 0.038889
0 0.282813 0.406944 0.034375 0.033333
0 0.246875 0.520833 0.029687 0.041667
0 0.194141 0.607639 0.028906 0.031944
0 0.230078 0.890278 0.066406 0.063889
0 0.041797 0.915972 0.050781 0.045833
0 0.068750 0.837500 0.040625 0.052778
0 0.089453 0.947222 0.035156 0.058333
0 0.284766 0.949306 0.042969 0.034722
0 0.151172 0.068056 0.039844 0.041667
0 0.117969 0.195139 0.039062 0.054167
