0 0.539062 0.579861 0.098438 0.095833
0 0.489453 0.806944 0.108594 0.136111
0 0.603906 0.922917 0.076563 0.123611
0 0.648828 0.765972 0.067969 0.084722
0 0.816797 0.710417 0.088281 0.098611
0 0.933594 0.820139 0.079687 0.109722
0 0.781641 0.447917 0.077344 0.126389
0 0.861719 0.338194 0.057813 0.095833
0 0.768359 0.088889 0.121094 0.116667
0 0.529688 0.204861 0.089062 0.104167
0 0.596875 0.246528 0.053125 0.095833
0 0.505469 0.061111 0.110937 0.091667
0 0.308203 0.076389 0.114844 0.119444
0 0.052344 0.199306 0.079687 0.120833
0 0.061719 0.436111 0.079687 0.130556
0 0.057422 0.585417 0.053906 0.076389
0 0.244922 0.527778 0.117969 0.155556
0 0.295312 0.309028 0.065625 0.120833
0 0.373828 0.222222 0.049219 0.072222
0 0.362500 0.652083 0.082813 0.090278
0 0.243750 0.776389 0.085938 0.105556
0 0.260938 0.957639 0.090625 0.079167
0 0.474609 0.389583 0.086719 0.134722
0 0.966016 0.548611 0.067969 0.180556
