0 0.123828 0.070139 0.038281 0.037500
0 0.301562 0.362500 0.059375 0.080556
0 0.430078 0.420139 0.072656 0.073611
0 0.542578 0.377778 0.039844 0.050000
0 0.455859 0.323611 0.047656 0.052778
0 0.572266 0.274306 0.049219 0.054167
0 0.651953 0.232639 0.049219 0.051389
0 0.774219 0.302778 0.062500 0.080556
0 0.762109 0.217361 0.033594 0.051389
0 0.827734 0.164583 0.044531 0.062500
0 0.856250 0.493056 0.065625 0.086111
0 0.855078 0.598611 0.067969 0.061111
0 0.778906 0.616667 0.053125 0.063889
0 0.725781 0.587500 0.035937 0.055556
0 0.760547 0.521528 0.039844 0.062500
0 0.671875 0.470139 0.035937 0.054167
0 0.694141 0.374306 0.038281 0.062500
0 0.599219 0.090972 0.054688 0.054167
0 0.653125 0.129861 0.032812 0.037500
0 0.707812 0.087500 0.032812 0.058333
0 0.781641 0.686111 0.041406 0.052778
0 0.815625 0.743056 0.045313 0.050000
0 0.924609 0.731250 0.041406 0.045833
0 0.777734 0.820139 0.047656 0.056944
0 0.694141 0.875694 0.046094 0.043056
0 0.646484 0.817361 0.038281 0.043056
0 0.712891 0.739583 0.053906 0.062500
0 0.683594 0.666667 0.040625 0.050000
0 0.652344 0.576389 0.043750 0.063889
0 0.605078 0.522222 0.042969 0.055556
0 0.525781 0.561111 0.042188 0.050000
0 0.526172 0.656250 0.039844 0.045833
0 0.461719 0.657639 0.039062 0.056944
0 0.411719 0.586111 0.057813 0.083333
0 0.382812 0.485417 0.045313 0.051389
0 0.270703 0.038889 0.041406 0.066667
0 0.337500 0.093056 0.039062 0.047222
0 0.241797 0.150694 0.053906 0.059722
0 0.226172 0.579167 0.041406 0.058333
0 0.062891 0.648611 0.052344 0.050000
0 0.351172 0.656250 0.046094 0.045833
0 0.392969 0.720139 0.046875 0.068056
0 0.422266 0.805556 0.035156 0.041667
0 0.476953 0.723611 0.057031 0.052778
0 0.540625 0.877778 0.032812 0.080556
0 0.607422 0.634722 0.044531 0.058333
0 0.450781 0.137500 0.045313 0.044444
0 0.968359 0.349306 0.060156 0.106944
0 0.198047 0.708333 0.039844 0.041667
