0 0.522656 0.513194 0.056250 0.068056
0 0.537109 0.621528 0.038281 0.054167
0 0.891797 0.550694 0.074219 0.101389
0 0.837109 0.293056 0.064844 0.080556
0 0.558984 0.205556 0.049219 0.066667
0 0.328906 0.075000 0.060938 0.083333
0 0.137500 0.097917 0.060938 0.068056
0 0.094922 0.231944 0.063281 0.072222
0 0.030078 0.377083 0.038281 0.098611
0 0.235547 0.518056 0.066406 0.088889
0 0.097656 0.517361 0.064062 0.065278
0 0.116016 0.619444 0.057031 0.069444
0 0.285937 0.872917 0.087500 0.112500
0 0.732031 0.693056 0.051562 0.077778
