0 0.081641 0.249306 0.060156 0.084722
0 0.192188 0.248611 0.043750 0.063889
0 0.750000 0.075694 0.056250 0.056944
0 0.681641 0.166667 0.049219 0.066667
0 0.708984 0.311806 0.046094 0.062500
0 0.587109 0.293750 0.055469 0.090278
0 0.724219 0.445833 0.050000 0.066667
0 0.959766 0.152083 0.049219 0.062500
0 0.966797 0.368056 0.055469 0.069444
0 0.852344 0.415278 0.059375 0.069444
0 0.852344 0.572222 0.029687 0.077778
0 0.881250 0.793056 0.026563 0.066667
0 0.976172 0.735417 0.025781 0.056944
0 0.731250 0.599306 0.082813 0.079167
0 0.701563 0.720833 0.071875 0.069444
0 0.735937 0.900694 0.039062 0.095833
0 0.562109 0.785417 0.078906 0.081944
0 0.603906 0.500694 0.106250 0.073611
0 0.432031 0.211111 0.071875 0.055556
0 0.286328 0.610417 0.075781 0.043056
0 0.111328 0.695833 0.074219 0.083333
0 0.114844 0.844444 0.056250 0.072222
0 0.432422 0.650694 0.055469 0.068056
0 0.424219 0.734028 0.045313 0.062500
0 0.492578 0.856944 0.039844 0.061111
0 0.618359 0.876389 0.041406 0.075000
0 0.326172 0.944444 0.044531 0.050000
0 0.238672 0.925694 0.060156 0.059722
0 0.282031 0.821528 0.029687 0.051389
0 0.233203 0.679861 0.064844 0.073611
0 0.385938 0.517361 0.039062 0.076389
0 0.447656 0.056250 0.070312 0.068056
0 0.314844 0.111111 0.079687 0.072222
0 0.980078 0.535417 0.039844 0.059722
