0 0.778516 0.482639 0.082031 0.081944
0 0.863281 0.345833 0.062500 0.102778
0 0.900781 0.220139 0.076563 0.101389
0 0.907812 0.638889 0.081250 0.105556
0 0.800000 0.641667 0.095312 0.119444
0 0.762109 0.719444 0.072656 0.080556
0 0.885938 0.801389 0.078125 0.113889
0 0.702734 0.811806 0.066406 0.084722
0 0.764063 0.906944 0.064062 0.075000
0 0.876953 0.900694 0.060156 0.084722
0 0.975391 0.904861 0.049219 0.068056
0 0.974219 0.730556 0.051562 0.113889
0 0.553906 0.422917 0.073437 0.106944
0 0.554688 0.556944 0.067188 0.088889
0 0.594922 0.643750 0.035156 0.076389
0 0.642969 0.669444 0.043750 0.075000
0 0.578516 0.779167 0.072656 0.100000
0 0.607813 0.939583 0.054688 0.084722
0 0.505859 0.931944 0.058594 0.080556
0 0.445312 0.854167 0.056250 0.086111
0 0.354297 0.893750 0.071094 0.068056
0 0.242188 0.964583 0.076563 0.070833
0 0.134766 0.914583 0.082031 0.090278
0 0.152344 0.729861 0.082813 0.098611
0 0.024219 0.407639 0.042188 0.073611
0 0.025781 0.547222 0.043750 0.088889
0 0.233984 0.441667 0.069531 0.077778
0 0.227344 0.559028 0.071875 0.081944
0 0.248828 0.656250 0.063281 0.087500
0 0.408203 0.735417 0.060156 0.109722
0 0.448828 0.588194 0.053906 0.090278
0 0.306641 0.306250 0.063281 0.104167
0 0.252734 0.133333 0.060156 0.083333
0 0.121484 0.255556 0.057031 0.100000
0 0.528125 0.108333 0.062500 0.077778
0 0.500391 0.282639 0.067969 0.079167
0 0.370313 0.435417 0.068750 0.070833
0 0.354297 0.585417 0.099219 0.126389
0 0.137109 0.569444 0.071094 0.097222
0 0.191797 0.045833 0.086719 0.069444
0 0.067578 0.131944 0.069531 0.072222
0 0.770703 0.150694 0.080469 0.087500
0 0.272656 0.815278 0.084375 0.077778
