0 0.713281 0.413194 0.040625 0.037500
0 0.728906 0.445833 0.056250 0.047222
0 0.741406 0.493056 0.039062 0.050000
0 0.758203 0.534028 0.036719 0.043056
0 0.741016 0.555556 0.033594 0.038889
0 0.773047 0.552778 0.028906 0.030556
0 0.784375 0.590278 0.037500 0.041667
0 0.766406 0.611806 0.028125 0.031944
0 0.754687 0.586806 0.029687 0.031944
0 0.727734 0.590972 0.035156 0.034722
0 0.734375 0.613889 0.029687 0.027778
0 0.746484 0.641667 0.024219 0.027778
0 0.717578 0.638194 0.032031 0.029167
0 0.723437 0.675000 0.032812 0.033333
0 0.754687 0.675000 0.025000 0.030556
0 0.768750 0.643750 0.026563 0.031944
0 0.794531 0.625000 0.031250 0.044444
0 0.794141 0.663889 0.038281 0.033333
0 0.803516 0.700694 0.038281 0.040278
0 0.763672 0.707639 0.025781 0.031944
0 0.730469 0.705556 0.032812 0.030556
0 0.689844 0.599306 0.029687 0.048611
0 0.736328 0.736806 0.021094 0.026389
0 0.749609 0.761806 0.024219 0.026389
0 0.748047 0.788889 0.021094 0.025000
0 0.775781 0.794444 0.023438 0.027778
0 0.777344 0.772222 0.020312 0.036111
0 0.767187 0.745139 0.029687 0.026389
0 0.790625 0.745139 0.017188 0.031944
0 0.794922 0.782639 0.014844 0.018056
0 0.800000 0.806250 0.017188 0.023611
0 0.784766 0.821528 0.022656 0.020833
0 0.756250 0.819444 0.026563 0.025000
0 0.815234 0.730556 0.032031 0.036111
0 0.818750 0.766667 0.031250 0.036111
0 0.821875 0.802083 0.028125 0.031944
0 0.824219 0.835417 0.039062 0.034722
0 0.835156 0.877778 0.028125 0.038889
0 0.825781 0.912500 0.023438 0.030556
0 0.796484 0.905556 0.035156 0.041667
0 0.797656 0.874306 0.034375 0.037500
0 0.816406 0.986111 0.029687 0.022222
0 0.831250 0.947222 0.026563 0.036111
0 0.858203 0.981944 0.035156 0.030556
0 0.889844 0.965972 0.026563 0.031944
0 0.935547 0.970833 0.041406 0.030556
0 0.925781 0.938889 0.051562 0.041667
0 0.947266 0.910417 0.041406 0.037500
0 0.947266 0.888889 0.041406 0.038889
0 0.952344 0.852083 0.037500 0.037500
0 0.953125 0.827778 0.042188 0.052778
0 0.956641 0.801389 0.033594 0.038889
0 0.956250 0.765278 0.035937 0.033333
0 0.920313 0.747917 0.039062 0.051389
0 0.915625 0.789583 0.040625 0.043056
0 0.910547 0.825694 0.032031 0.059722
0 0.908203 0.864583 0.050781 0.051389
0 0.899609 0.896528 0.038281 0.045833
0 0.923437 0.713889 0.035937 0.047222
0 0.931250 0.675000 0.037500 0.038889
