0 0.739062 0.390278 0.068750 0.116667
0 0.058984 0.459722 0.075781 0.083333
0 0.243750 0.074306 0.079687 0.129167
0 0.297266 0.787500 0.074219 0.105556
0 0.040625 0.883333 0.081250 0.086111
0 0.202344 0.956944 0.089062 0.086111
0 0.178125 0.712500 0.081250 0.097222
0 0.459375 0.564583 0.114063 0.137500
0 0.543750 0.727083 0.100000 0.093056
0 0.592969 0.359722 0.067188 0.116667
0 0.494141 0.280556 0.058594 0.083333
0 0.233594 0.469444 0.079687 0.105556
0 0.316016 0.350694 0.089844 0.093056
0 0.334766 0.611806 0.061719 0.070833
