0 0.580469 0.854167 0.142188 0.158333
0 0.816016 0.778472 0.097656 0.101389
0 0.774609 0.572917 0.100781 0.140278
0 0.800000 0.396528 0.118750 0.137500
0 0.726172 0.287500 0.150781 0.141667
0 0.505469 0.411111 0.140625 0.166667
0 0.517578 0.598611 0.160156 0.172222
0 0.250781 0.341667 0.125000 0.152778
0 0.259766 0.075000 0.113281 0.086111
0 0.333594 0.158333 0.087500 0.133333
0 0.222266 0.588889 0.155469 0.186111
0 0.087109 0.915278 0.142969 0.161111
0 0.059375 0.213889 0.103125 0.172222
0 0.494922 0.034722 0.097656 0.069444
