0 0.305078 0.406250 0.174219 0.179167
0 0.358203 0.572917 0.103906 0.087500
0 0.298828 0.758333 0.146094 0.147222
0 0.318359 0.926389 0.191406 0.141667
0 0.494531 0.742361 0.112500 0.168056
0 0.696875 0.909722 0.170312 0.175000
0 0.717188 0.619444 0.157813 0.194444
0 0.680469 0.456250 0.110937 0.129167
0 0.539844 0.508333 0.150000 0.122222
0 0.728516 0.284722 0.124219 0.138889
0 0.861719 0.113194 0.089062 0.154167
0 0.061719 0.579167 0.123438 0.294444
0 0.089844 0.856944 0.142188 0.172222
0 0.552734 0.337500 0.066406 0.083333
