0 0.098438 0.966667 0.032812 0.036111
0 0.076953 0.916667 0.027344 0.030556
0 0.028906 0.947917 0.031250 0.026389
0 0.018750 0.911111 0.025000 0.022222
0 0.019922 0.827778 0.033594 0.030556
0 0.009766 0.790278 0.019531 0.041667
0 0.022266 0.746528 0.030469 0.034722
0 0.053906 0.781944 0.032812 0.027778
0 0.076563 0.838889 0.043750 0.050000
0 0.098828 0.777083 0.030469 0.037500
0 0.078516 0.706944 0.028906 0.044444
0 0.072266 0.654167 0.030469 0.033333
0 0.045313 0.582639 0.034375 0.037500
0 0.102734 0.677778 0.027344 0.033333
0 0.108984 0.620833 0.019531 0.027778
0 0.069531 0.510417 0.028125 0.037500
0 0.105859 0.498611 0.027344 0.027778
0 0.060938 0.540972 0.023438 0.026389
0 0.128906 0.397917 0.028125 0.029167
0 0.209375 0.236111 0.026563 0.022222
0 0.197266 0.266667 0.024219 0.016667
0 0.185156 0.294444 0.029687 0.019444
0 0.161328 0.316667 0.022656 0.022222
0 0.141016 0.343750 0.014844 0.020833
0 0.171875 0.348611 0.025000 0.019444
0 0.154687 0.366667 0.023438 0.033333
0 0.210938 0.353472 0.023438 0.018056
0 0.244141 0.415278 0.016406 0.016667
0 0.227734 0.381250 0.021094 0.031944
0 0.216016 0.173611 0.025781 0.030556
0 0.225391 0.136806 0.021094 0.023611
0 0.063281 0.129861 0.017188 0.018056
0 0.032422 0.113889 0.027344 0.016667
0 0.018750 0.150000 0.018750 0.027778
0 0.018750 0.194444 0.021875 0.033333
0 0.013672 0.243056 0.014844 0.030556
0 0.054297 0.072222 0.013281 0.016667
0 0.713281 0.493750 0.023438 0.034722
0 0.571875 0.584028 0.029687 0.031944
0 0.518750 0.622917 0.026563 0.029167
0 0.212109 0.731250 0.024219 0.037500
0 0.182812 0.752083 0.032812 0.034722
0 0.153125 0.713889 0.026563 0.027778
0 0.142188 0.756250 0.020312 0.029167
0 0.117578 0.714583 0.017969 0.023611
0 0.255078 0.297917 0.027344 0.037500
0 0.233594 0.266667 0.020312 0.036111
0 0.280469 0.327083 0.023438 0.031944
0 0.301172 0.354861 0.017969 0.026389
0 0.203906 0.413194 0.021875 0.034722
0 0.060547 0.422222 0.019531 0.030556
0 0.079687 0.425694 0.020312 0.037500
0 0.109375 0.429167 0.020312 0.027778
