0 0.298828 0.390278 0.121094 0.119444
0 0.212109 0.089583 0.111719 0.118056
0 0.500391 0.050000 0.086719 0.100000
0 0.644922 0.066667 0.063281 0.077778
0 0.808984 0.052778 0.080469 0.094444
0 0.851172 0.342361 0.063281 0.106944
0 0.760547 0.689583 0.078906 0.104167
0 0.542188 0.630556 0.073437 0.091667
0 0.312109 0.632639 0.103906 0.095833
0 0.175000 0.816667 0.176563 0.136111
0 0.085156 0.959722 0.098438 0.080556
0 0.285547 0.959722 0.089844 0.075000
0 0.665625 0.930556 0.101562 0.108333
0 0.022266 0.237500 0.044531 0.108333
0 0.723437 0.472917 0.120312 0.204167
