0 0.186328 0.091667 0.057031 0.088889
0 0.304297 0.123611 0.088281 0.091667
0 0.250781 0.249306 0.064062 0.084722
0 0.282813 0.382639 0.054688 0.101389
0 0.419922 0.189583 0.060156 0.073611
0 0.414062 0.043750 0.040625 0.068056
0 0.562500 0.216667 0.040625 0.041667
0 0.734766 0.212500 0.080469 0.080556
0 0.927734 0.124306 0.064844 0.081944
0 0.956250 0.531944 0.064062 0.072222
0 0.864453 0.372222 0.049219 0.061111
0 0.593359 0.418750 0.044531 0.056944
0 0.455859 0.484028 0.044531 0.062500
0 0.255078 0.643056 0.063281 0.055556
0 0.573828 0.725694 0.072656 0.070833
0 0.749219 0.812500 0.054688 0.075000
0 0.471875 0.906944 0.045313 0.061111
0 0.433594 0.742361 0.071875 0.095833
0 0.164453 0.350694 0.036719 0.034722
0 0.132031 0.543750 0.053125 0.065278
0 0.676172 0.582639 0.046094 0.093056
0 0.723437 0.439583 0.056250 0.079167
0 0.787891 0.613194 0.058594 0.101389
