0 0.410547 0.418056 0.178906 0.158333
0 0.369922 0.163889 0.097656 0.091667
0 0.221875 0.088889 0.104687 0.113889
0 0.105859 0.055556 0.080469 0.069444
0 0.137891 0.329167 0.117969 0.172222
0 0.110547 0.497222 0.089844 0.077778
0 0.096094 0.688194 0.071875 0.090278
0 0.234375 0.533333 0.081250 0.086111
0 0.267578 0.651389 0.067969 0.077778
0 0.391016 0.648611 0.042969 0.061111
0 0.371094 0.770139 0.059375 0.062500
0 0.267188 0.952083 0.096875 0.087500
0 0.087891 0.893750 0.053906 0.065278
0 0.480859 0.883333 0.121094 0.144444
0 0.565234 0.711111 0.072656 0.136111
0 0.706250 0.708333 0.081250 0.094444
0 0.669531 0.784028 0.068750 0.084722
0 0.727734 0.909722 0.082031 0.108333
0 0.831641 0.765972 0.071094 0.101389
0 0.790625 0.633333 0.059375 0.055556
0 0.803906 0.477778 0.045313 0.080556
0 0.782031 0.331250 0.048437 0.062500
0 0.746484 0.069444 0.067969 0.075000
0 0.644922 0.299306 0.071094 0.079167
0 0.651953 0.500000 0.067969 0.075000
0 0.573828 0.329167 0.046094 0.058333
0 0.536328 0.206944 0.044531 0.047222
0 0.523047 0.050000 0.041406 0.066667
0 0.962500 0.150694 0.075000 0.123611
0 0.957031 0.382639 0.054688 0.079167
0 0.944531 0.624306 0.060938 0.070833
