0 0.547266 0.941667 0.071094 0.080556
0 0.404687 0.486111 0.060938 0.075000
0 0.432031 0.331944 0.032812 0.055556
0 0.592188 0.393750 0.065625 0.059722
0 0.614453 0.249306 0.047656 0.056944
0 0.909766 0.406944 0.044531 0.052778
0 0.837500 0.710417 0.054688 0.084722
0 0.801562 0.940278 0.056250 0.100000
0 0.707422 0.847222 0.071094 0.088889
0 0.684766 0.673611 0.057031 0.069444
0 0.723437 0.534722 0.075000 0.080556
0 0.261719 0.717361 0.078125 0.070833
0 0.048828 0.900694 0.064844 0.084722
0 0.700391 0.139583 0.038281 0.045833
