0 0.257812 0.177083 0.084375 0.076389
0 0.293750 0.313889 0.075000 0.088889
0 0.094531 0.309028 0.085938 0.081944
0 0.060938 0.765972 0.089062 0.090278
0 0.055859 0.870139 0.096094 0.076389
0 0.330078 0.738194 0.130469 0.126389
0 0.743750 0.696528 0.050000 0.076389
0 0.751172 0.860417 0.053906 0.065278
0 0.754687 0.233333 0.065625 0.075000
0 0.548437 0.349306 0.090625 0.104167
0 0.639063 0.027083 0.070312 0.054167
0 0.548437 0.107639 0.085938 0.068056
0 0.927344 0.100000 0.064062 0.061111
0 0.966016 0.654167 0.067969 0.125000
0 0.453516 0.227083 0.085156 0.073611
0 0.365234 0.263889 0.071094 0.091667
