0 0.856641 0.556944 0.100781 0.111111
0 0.845312 0.368056 0.096875 0.100000
0 0.745703 0.331944 0.071094 0.086111
0 0.837109 0.231250 0.067969 0.104167
0 0.681641 0.129167 0.091406 0.097222
0 0.953125 0.135417 0.082813 0.112500
0 0.754687 0.826389 0.106250 0.100000
0 0.566016 0.831944 0.086719 0.088889
0 0.388281 0.726389 0.098438 0.105556
0 0.414844 0.958333 0.068750 0.083333
0 0.290234 0.590278 0.085156 0.083333
0 0.112500 0.659028 0.104687 0.104167
0 0.196875 0.830556 0.070312 0.086111
0 0.132812 0.435417 0.075000 0.081944
0 0.395312 0.270139 0.093750 0.090278
0 0.486719 0.166667 0.068750 0.080556
0 0.595312 0.305556 0.076563 0.072222
0 0.532812 0.458333 0.101562 0.150000
0 0.657031 0.496528 0.071875 0.106944
0 0.713281 0.636111 0.090625 0.102778
0 0.341797 0.393056 0.094531 0.119444
0 0.057031 0.272917 0.095312 0.095833
0 0.194922 0.150694 0.110156 0.123611
0 0.936328 0.839583 0.100781 0.120833
0 0.152344 0.925694 0.054688 0.070833
