0 0.019531 0.134028 0.039062 0.059722
0 0.140625 0.257639 0.048437 0.043056
0 0.066797 0.416667 0.041406 0.066667
0 0.026172 0.607639 0.049219 0.068056
0 0.091797 0.709722 0.061719 0.077778
0 0.160156 0.913889 0.081250 0.094444
0 0.201172 0.702083 0.049219 0.051389
0 0.205469 0.593056 0.042188 0.036111
0 0.229687 0.403472 0.059375 0.056944
0 0.280078 0.279167 0.042969 0.044444
0 0.235547 0.079167 0.052344 0.044444
0 0.385938 0.073611 0.039062 0.050000
0 0.390625 0.200000 0.045313 0.055556
0 0.408984 0.397917 0.057031 0.087500
0 0.313672 0.556944 0.050781 0.066667
0 0.284375 0.656250 0.039062 0.059722
0 0.370703 0.675000 0.038281 0.061111
0 0.367578 0.894444 0.046094 0.050000
0 0.455469 0.861806 0.035937 0.048611
0 0.480859 0.956944 0.041406 0.036111
0 0.459375 0.610417 0.056250 0.079167
0 0.505859 0.484722 0.052344 0.052778
0 0.496484 0.279861 0.039844 0.043056
0 0.493750 0.165278 0.051562 0.066667
0 0.617969 0.086806 0.065625 0.059722
0 0.741406 0.057639 0.060938 0.054167
0 0.914844 0.109722 0.048437 0.058333
0 0.943750 0.297222 0.062500 0.066667
0 0.853906 0.753472 0.060938 0.054167
0 0.787891 0.569444 0.036719 0.061111
0 0.826172 0.447917 0.039844 0.034722
0 0.694531 0.636111 0.043750 0.036111
0 0.670313 0.916667 0.034375 0.058333
0 0.602734 0.972917 0.041406 0.037500
0 0.564844 0.715972 0.037500 0.051389
0 0.573828 0.615278 0.035156 0.036111
0 0.592969 0.343056 0.039062 0.061111
0 0.602344 0.216667 0.060938 0.075000
0 0.172656 0.535417 0.040625 0.048611
0 0.105078 0.581944 0.046094 0.058333
0 0.713281 0.443056 0.040625 0.044444
0 0.987500 0.754861 0.021875 0.040278
