0 0.771875 0.493750 0.089062 0.087500
0 0.596875 0.590972 0.065625 0.070833
0 0.464063 0.704861 0.078125 0.068056
0 0.407422 0.525000 0.099219 0.102778
0 0.264062 0.685417 0.051562 0.076389
0 0.161328 0.459722 0.072656 0.105556
0 0.360156 0.322917 0.101562 0.104167
0 0.442969 0.142361 0.093750 0.087500
0 0.553125 0.353472 0.071875 0.081944
0 0.728125 0.129861 0.076563 0.059722
0 0.892187 0.286806 0.085938 0.098611
0 0.968750 0.165278 0.057813 0.088889
0 0.981250 0.395139 0.037500 0.084722
0 0.064062 0.902778 0.062500 0.063889
0 0.086328 0.281944 0.050781 0.055556
0 0.168359 0.128472 0.067969 0.059722
0 0.032812 0.126389 0.065625 0.063889
0 0.670703 0.236111 0.050781 0.058333
