0 0.417969 0.508333 0.067188 0.080556
0 0.387891 0.690972 0.055469 0.081944
0 0.610937 0.617361 0.068750 0.076389
0 0.666406 0.823611 0.059375 0.072222
0 0.340625 0.938889 0.073437 0.066667
0 0.244141 0.363194 0.075781 0.104167
0 0.193359 0.625694 0.077344 0.120833
0 0.055078 0.459028 0.088281 0.104167
0 0.446875 0.240972 0.092188 0.090278
0 0.513672 0.113889 0.080469 0.066667
0 0.671875 0.171528 0.065625 0.070833
0 0.839063 0.289583 0.060938 0.093056
0 0.603516 0.372917 0.066406 0.079167
0 0.338672 0.165972 0.077344 0.056944
0 0.150000 0.056250 0.085938 0.101389
0 0.110156 0.211806 0.089062 0.095833
0 0.512109 0.813889 0.071094 0.080556
0 0.177734 0.790972 0.052344 0.065278
0 0.129297 0.954167 0.060156 0.091667
