0 0.398438 0.693750 0.070312 0.079167
0 0.571094 0.741667 0.053125 0.066667
0 0.774219 0.684722 0.054688 0.083333
0 0.962891 0.702083 0.064844 0.062500
0 0.832031 0.457639 0.093750 0.126389
0 0.875391 0.221528 0.049219 0.062500
0 0.576563 0.286806 0.053125 0.070833
0 0.450391 0.268750 0.072656 0.087500
0 0.466406 0.413889 0.059375 0.069444
0 0.222656 0.309028 0.110937 0.109722
0 0.177734 0.553472 0.052344 0.073611
0 0.054688 0.346528 0.070312 0.084722
0 0.137891 0.197917 0.071094 0.081944
0 0.345313 0.110417 0.095312 0.076389
0 0.550781 0.034722 0.076563 0.066667
0 0.042188 0.736806 0.082813 0.090278
