0 0.048437 0.125694 0.042188 0.051389
0 0.161719 0.143056 0.046875 0.041667
0 0.268750 0.211111 0.035937 0.033333
0 0.159766 0.278472 0.046094 0.037500
0 0.341406 0.226389 0.043750 0.030556
0 0.430469 0.154861 0.053125 0.048611
0 0.382422 0.074306 0.044531 0.043056
0 0.263281 0.063194 0.037500 0.023611
0 0.591016 0.043750 0.047656 0.043056
0 0.598828 0.113194 0.039844 0.045833
0 0.523047 0.088889 0.041406 0.030556
0 0.535547 0.179861 0.042969 0.043056
0 0.561719 0.245833 0.059375 0.066667
0 0.707031 0.120833 0.031250 0.041667
0 0.833203 0.181250 0.033594 0.037500
0 0.814453 0.273611 0.030469 0.041667
0 0.957812 0.279167 0.026563 0.044444
0 0.954687 0.353472 0.021875 0.040278
0 0.826172 0.529861 0.039844 0.048611
0 0.841016 0.601389 0.028906 0.052778
0 0.965234 0.558333 0.047656 0.041667
0 0.876562 0.754861 0.025000 0.040278
0 0.173438 0.055556 0.031250 0.033333
0 0.085156 0.204167 0.037500 0.036111
0 0.080078 0.922917 0.067969 0.062500
0 0.086328 0.766667 0.080469 0.102778
0 0.038281 0.641667 0.054688 0.069444
0 0.113281 0.655556 0.056250 0.069444
0 0.225781 0.767361 0.068750 0.070833
0 0.217578 0.908333 0.042969 0.094444
0 0.251172 0.872222 0.057031 0.066667
0 0.493750 0.802083 0.054688 0.081944
0 0.314063 0.620833 0.075000 0.063889
0 0.386719 0.596528 0.067188 0.065278
0 0.493750 0.547917 0.064062 0.084722
0 0.493750 0.371528 0.053125 0.076389
0 0.209766 0.519444 0.061719 0.047222
0 0.192578 0.651389 0.044531 0.066667
0 0.318750 0.514583 0.048437 0.068056
0 0.247656 0.415972 0.070312 0.093056
0 0.395703 0.390278 0.071094 0.072222
0 0.801953 0.938889 0.036719 0.091667
0 0.961719 0.140278 0.045313 0.036111
