0 0.964844 0.380556 0.032812 0.044444
0 0.953516 0.354167 0.024219 0.022222
0 0.956250 0.321528 0.012500 0.023611
0 0.985547 0.254167 0.024219 0.033333
0 0.970703 0.417361 0.024219 0.029167
0 0.976562 0.622222 0.032812 0.038889
0 0.959375 0.590972 0.034375 0.029167
0 0.944531 0.614583 0.018750 0.023611
0 0.950000 0.800694 0.039062 0.051389
0 0.962891 0.835417 0.035156 0.029167
0 0.832031 0.589583 0.018750 0.026389
0 0.832031 0.888889 0.040625 0.038889
0 0.821094 0.917361 0.032812 0.029167
0 0.898438 0.885417 0.026563 0.023611
0 0.886328 0.859028 0.025781 0.020833
0 0.957422 0.640972 0.035156 0.034722
0 0.966797 0.664583 0.027344 0.031944
0 0.903906 0.653472 0.020312 0.029167
0 0.923828 0.635417 0.017969 0.026389
0 0.910156 0.618750 0.021875 0.026389
0 0.900391 0.590278 0.019531 0.019444
