0 0.717969 0.428472 0.073437 0.095833
0 0.927734 0.445833 0.080469 0.144444
0 0.947656 0.618056 0.076563 0.100000
0 0.966016 0.775000 0.067969 0.094444
0 0.828516 0.870139 0.066406 0.084722
0 0.555078 0.634722 0.074219 0.141667
0 0.417969 0.893056 0.081250 0.088889
0 0.237109 0.877778 0.061719 0.077778
0 0.109375 0.841667 0.075000 0.077778
0 0.188672 0.679861 0.067969 0.104167
0 0.327734 0.386111 0.083594 0.100000
0 0.281250 0.093056 0.085938 0.080556
0 0.155859 0.441667 0.047656 0.077778
0 0.531250 0.342361 0.045313 0.065278
0 0.717969 0.193750 0.085938 0.073611
0 0.897656 0.268750 0.059375 0.070833
0 0.957422 0.097917 0.071094 0.090278
0 0.600000 0.025694 0.048437 0.043056
0 0.816797 0.025694 0.052344 0.040278
0 0.732813 0.588194 0.056250 0.059722
0 0.730078 0.760417 0.061719 0.090278
0 0.604297 0.920833 0.050781 0.055556
