0 0.027344 0.137500 0.035937 0.044444
0 0.099219 0.187500 0.035937 0.047222
0 0.102734 0.284722 0.038281 0.044444
0 0.076172 0.401389 0.041406 0.050000
0 0.085547 0.502083 0.049219 0.054167
0 0.080469 0.572222 0.042188 0.047222
0 0.146094 0.568750 0.054688 0.073611
0 0.087500 0.718056 0.042188 0.052778
0 0.064062 0.786806 0.032812 0.037500
0 0.031250 0.830556 0.053125 0.066667
0 0.126953 0.840972 0.050781 0.059722
0 0.169531 0.913889 0.046875 0.058333
0 0.253125 0.974306 0.042188 0.037500
0 0.323438 0.920833 0.043750 0.047222
0 0.263672 0.872222 0.050781 0.038889
0 0.157422 0.764583 0.033594 0.059722
0 0.169141 0.650000 0.049219 0.058333
0 0.153516 0.369444 0.027344 0.044444
0 0.189844 0.311111 0.032812 0.055556
0 0.222656 0.409028 0.051562 0.070833
0 0.187500 0.497222 0.040625 0.052778
0 0.257422 0.510417 0.055469 0.073611
0 0.244141 0.618056 0.036719 0.052778
0 0.250781 0.698611 0.035937 0.050000
0 0.231641 0.781944 0.032031 0.052778
0 0.344531 0.702778 0.032812 0.052778
0 0.285547 0.595833 0.053906 0.052778
0 0.374609 0.630556 0.047656 0.055556
0 0.361719 0.515972 0.054688 0.054167
0 0.300000 0.340278 0.045313 0.058333
0 0.244922 0.262500 0.036719 0.041667
0 0.392578 0.261806 0.064844 0.059722
0 0.410547 0.341667 0.033594 0.030556
0 0.407422 0.446528 0.036719 0.048611
0 0.467187 0.420833 0.040625 0.058333
0 0.486719 0.494444 0.037500 0.036111
0 0.493359 0.565278 0.041406 0.052778
0 0.468750 0.651389 0.045313 0.058333
0 0.415625 0.722222 0.035937 0.038889
0 0.373437 0.779167 0.040625 0.036111
0 0.451953 0.784722 0.036719 0.041667
0 0.397266 0.870139 0.038281 0.043056
0 0.466406 0.962500 0.040625 0.038889
0 0.545703 0.954861 0.050781 0.034722
0 0.527734 0.866667 0.039844 0.052778
0 0.580859 0.804167 0.039844 0.047222
0 0.530469 0.736111 0.028125 0.036111
0 0.570312 0.625000 0.032812 0.047222
0 0.601953 0.559028 0.044531 0.051389
0 0.578516 0.431944 0.046094 0.050000
0 0.506250 0.365278 0.046875 0.047222
0 0.487500 0.267361 0.060938 0.048611
0 0.696875 0.679861 0.048437 0.054167
0 0.641016 0.759028 0.039844 0.051389
0 0.641406 0.868750 0.035937 0.056944
0 0.727734 0.938889 0.046094 0.052778
0 0.855859 0.945139 0.047656 0.037500
0 0.851562 0.873611 0.056250 0.052778
0 0.948438 0.841667 0.053125 0.058333
0 0.878906 0.800694 0.053125 0.054167
0 0.775391 0.733333 0.042969 0.041667
0 0.722266 0.800000 0.049219 0.041667
0 0.875781 0.729861 0.039062 0.045833
0 0.895703 0.565972 0.049219 0.056944
0 0.883203 0.494444 0.044531 0.041667
0 0.966797 0.523611 0.042969 0.058333
0 0.973828 0.606250 0.041406 0.062500
0 0.812109 0.615972 0.041406 0.054167
0 0.676172 0.467361 0.039844 0.037500
0 0.583984 0.504861 0.049219 0.037500
0 0.923437 0.304861 0.053125 0.062500
0 0.848047 0.418056 0.038281 0.063889
0 0.775391 0.453472 0.035156 0.040278
0 0.806641 0.556944 0.039844 0.055556
0 0.722656 0.541667 0.040625 0.052778
0 0.703906 0.247917 0.042188 0.043056
0 0.616797 0.229861 0.050781 0.045833
0 0.579297 0.317361 0.035156 0.043056
0 0.527734 0.119444 0.042969 0.036111
0 0.478906 0.210417 0.048437 0.054167
0 0.603906 0.122222 0.046875 0.041667
0 0.735547 0.084028 0.027344 0.031944
0 0.742188 0.181944 0.035937 0.038889
0 0.832031 0.155556 0.046875 0.038889
0 0.897266 0.080556 0.047656 0.047222
0 0.982422 0.096528 0.035156 0.037500
0 0.680469 0.035417 0.048437 0.037500
0 0.280469 0.021528 0.042188 0.040278
0 0.167187 0.036806 0.035937 0.043056
0 0.079687 0.041667 0.050000 0.044444
0 0.772266 0.286111 0.042969 0.047222
0 0.665625 0.363889 0.048437 0.063889
0 0.726562 0.409722 0.048437 0.077778
0 0.939062 0.397917 0.035937 0.045833
0 0.833203 0.263889 0.039844 0.044444
0 0.903125 0.202083 0.037500 0.031944
0 0.651172 0.635417 0.035156 0.040278
0 0.775391 0.833333 0.042969 0.052778
0 0.915234 0.661806 0.049219 0.056944
0 0.938672 0.935417 0.042969 0.048611
0 0.400000 0.094444 0.054688 0.052778
