0 0.341016 0.820139 0.036719 0.034722
0 0.328906 0.775694 0.039062 0.031944
0 0.314063 0.727083 0.032812 0.043056
0 0.317969 0.677778 0.023438 0.027778
0 0.348437 0.716667 0.025000 0.033333
0 0.363281 0.751389 0.025000 0.025000
0 0.370313 0.781944 0.021875 0.027778
0 0.397656 0.747917 0.021875 0.026389
0 0.385156 0.710417 0.032812 0.026389
0 0.357031 0.681944 0.023438 0.027778
0 0.420312 0.529167 0.035937 0.038889
0 0.384766 0.495833 0.025781 0.033333
0 0.421484 0.474306 0.025781 0.034722
0 0.390625 0.431250 0.035937 0.037500
0 0.376953 0.342361 0.038281 0.029167
0 0.375391 0.385417 0.030469 0.040278
0 0.466797 0.425000 0.036719 0.038889
0 0.473828 0.357639 0.033594 0.037500
0 0.435156 0.328472 0.039062 0.043056
0 0.384766 0.300694 0.032031 0.031944
0 0.341016 0.303472 0.021094 0.029167
0 0.284766 0.173611 0.032031 0.041667
0 0.314063 0.142361 0.026563 0.040278
0 0.358594 0.099306 0.043750 0.054167
0 0.385156 0.064583 0.028125 0.031944
0 0.433203 0.032639 0.039844 0.043056
0 0.421875 0.124306 0.042188 0.048611
0 0.465234 0.168750 0.042969 0.051389
0 0.474219 0.223611 0.034375 0.038889
0 0.521484 0.334028 0.044531 0.048611
0 0.559375 0.306944 0.035937 0.041667
0 0.517578 0.195833 0.042969 0.044444
0 0.468750 0.076389 0.039062 0.036111
0 0.603516 0.196528 0.039844 0.056944
0 0.606250 0.115278 0.046875 0.061111
0 0.668359 0.091667 0.046094 0.036111
0 0.725000 0.095139 0.048437 0.031944
0 0.730078 0.146528 0.050781 0.037500
0 0.685156 0.353472 0.050000 0.051389
0 0.647656 0.409722 0.029687 0.052778
0 0.585938 0.440972 0.031250 0.045833
0 0.598828 0.338194 0.042969 0.043056
0 0.509766 0.124306 0.039844 0.056944
0 0.697266 0.203472 0.025781 0.037500
0 0.844531 0.339583 0.039062 0.048611
0 0.779297 0.370139 0.027344 0.031944
0 0.794531 0.232639 0.031250 0.040278
0 0.760938 0.195139 0.025000 0.023611
0 0.807422 0.170139 0.027344 0.037500
0 0.781641 0.121528 0.035156 0.054167
0 0.880469 0.228472 0.032812 0.056944
0 0.894531 0.165972 0.034375 0.045833
0 0.867188 0.095833 0.029687 0.030556
0 0.936328 0.205556 0.028906 0.050000
0 0.900391 0.304861 0.028906 0.037500
0 0.906250 0.375694 0.023438 0.037500
0 0.942187 0.344444 0.029687 0.036111
0 0.980469 0.162500 0.035937 0.041667
0 0.864453 0.414583 0.035156 0.037500
0 0.692187 0.463194 0.031250 0.040278
0 0.640625 0.300694 0.034375 0.045833
0 0.631641 0.491667 0.036719 0.047222
