0 0.032031 0.296528 0.032812 0.031944
0 0.018750 0.330556 0.029687 0.027778
0 0.045703 0.358333 0.030469 0.041667
0 0.052734 0.321528 0.021094 0.029167
0 0.035156 0.388194 0.043750 0.037500
0 0.069531 0.381250 0.023438 0.048611
0 0.095312 0.408333 0.032812 0.036111
0 0.051562 0.423611 0.034375 0.047222
0 0.020312 0.443056 0.032812 0.033333
0 0.112500 0.457639 0.034375 0.037500
0 0.037109 0.457639 0.028906 0.031944
0 0.063281 0.484028 0.028125 0.026389
0 0.092188 0.506944 0.032812 0.033333
0 0.025000 0.511806 0.023438 0.034722
0 0.009375 0.498611 0.018750 0.044444
0 0.055469 0.511111 0.026563 0.030556
0 0.039844 0.531944 0.034375 0.044444
0 0.009766 0.536806 0.019531 0.031944
0 0.026172 0.568750 0.036719 0.031944
0 0.007422 0.590972 0.014844 0.043056
0 0.025781 0.603472 0.037500 0.037500
0 0.049219 0.588889 0.026563 0.036111
0 0.058984 0.557639 0.019531 0.031944
0 0.112109 0.538889 0.027344 0.033333
0 0.140625 0.560417 0.040625 0.031944
0 0.114453 0.568750 0.030469 0.026389
0 0.080859 0.564583 0.030469 0.054167
0 0.100781 0.593750 0.028125 0.034722
0 0.076172 0.604167 0.027344 0.044444
0 0.051562 0.624306 0.031250 0.034722
0 0.015234 0.630556 0.030469 0.027778
0 0.039844 0.667361 0.040625 0.040278
0 0.078516 0.642361 0.024219 0.020833
0 0.103516 0.630556 0.027344 0.027778
0 0.103516 0.659028 0.025781 0.029167
0 0.130469 0.616667 0.026563 0.033333
0 0.139453 0.588889 0.021094 0.027778
0 0.165625 0.611111 0.032812 0.030556
0 0.130469 0.647222 0.032812 0.025000
0 0.212500 0.643750 0.029687 0.034722
0 0.187500 0.619444 0.026563 0.027778
0 0.259375 0.666667 0.042188 0.055556
0 0.197656 0.757639 0.026563 0.031944
0 0.203516 0.788194 0.021094 0.034722
0 0.176172 0.783333 0.028906 0.036111
0 0.173047 0.758333 0.028906 0.030556
0 0.075000 0.812500 0.028125 0.030556
0 0.053906 0.785417 0.018750 0.023611
0 0.032031 0.778472 0.026563 0.026389
0 0.029297 0.804861 0.025781 0.026389
0 0.059766 0.895833 0.030469 0.030556
0 0.061719 0.936806 0.026563 0.026389
0 0.035156 0.920139 0.031250 0.026389
0 0.082813 0.952083 0.031250 0.034722
0 0.039453 0.951389 0.035156 0.036111
0 0.089453 0.986111 0.035156 0.022222
0 0.176953 0.865972 0.024219 0.037500
0 0.169922 0.834028 0.030469 0.026389
0 0.197656 0.841667 0.029687 0.047222
0 0.182031 0.809722 0.028125 0.027778
0 0.155469 0.802778 0.023438 0.022222
0 0.247266 0.723611 0.071094 0.047222
0 0.145703 0.838889 0.027344 0.041667
0 0.183984 0.976389 0.038281 0.041667
0 0.200000 0.953472 0.023438 0.037500
0 0.188672 0.894444 0.021094 0.027778
0 0.116016 0.929167 0.035156 0.022222
0 0.237109 0.909722 0.027344 0.025000
0 0.253516 0.938194 0.019531 0.020833
0 0.263281 0.972222 0.026563 0.036111
0 0.278125 0.941667 0.020312 0.025000
0 0.303516 0.962500 0.022656 0.027778
0 0.330469 0.951389 0.018750 0.036111
0 0.303906 0.849306 0.029687 0.031944
0 0.276563 0.827778 0.042188 0.033333
0 0.276172 0.857639 0.027344 0.026389
0 0.256641 0.881250 0.024219 0.023611
0 0.246094 0.854861 0.031250 0.031944
0 0.226953 0.788889 0.030469 0.025000
0 0.222266 0.766667 0.022656 0.025000
0 0.336328 0.904167 0.024219 0.027778
0 0.356250 0.938889 0.020312 0.033333
0 0.383594 0.965972 0.028125 0.031944
0 0.655859 0.890278 0.038281 0.047222
0 0.697656 0.859722 0.039062 0.044444
0 0.731250 0.820833 0.042188 0.052778
0 0.685938 0.792361 0.040625 0.031944
0 0.658594 0.828472 0.043750 0.040278
0 0.564844 0.845833 0.023438 0.038889
0 0.593750 0.822917 0.035937 0.034722
0 0.563672 0.806944 0.021094 0.033333
0 0.591016 0.788194 0.024219 0.034722
0 0.612891 0.802083 0.024219 0.029167
0 0.536328 0.863194 0.033594 0.045833
0 0.535156 0.824306 0.023438 0.031944
0 0.478906 0.817361 0.029687 0.031944
0 0.505469 0.840972 0.028125 0.026389
0 0.500781 0.883333 0.026563 0.038889
0 0.473437 0.870833 0.032812 0.033333
0 0.468359 0.906944 0.027344 0.033333
0 0.432422 0.859722 0.032031 0.041667
0 0.455078 0.838194 0.028906 0.034722
0 0.416797 0.947222 0.030469 0.047222
0 0.442187 0.928472 0.020312 0.029167
0 0.439063 0.893750 0.021875 0.034722
0 0.385547 0.920139 0.027344 0.034722
0 0.416016 0.706944 0.030469 0.030556
0 0.433984 0.727083 0.017969 0.040278
0 0.462109 0.750000 0.033594 0.041667
0 0.436719 0.761111 0.032812 0.036111
0 0.412500 0.779861 0.026563 0.031944
0 0.391797 0.731944 0.027344 0.033333
0 0.364453 0.634028 0.027344 0.037500
0 0.354297 0.605556 0.028906 0.047222
0 0.320312 0.603472 0.026563 0.037500
0 0.333594 0.633333 0.029687 0.033333
0 0.350000 0.663889 0.020312 0.033333
0 0.385938 0.661111 0.023438 0.036111
0 0.388281 0.618750 0.025000 0.037500
0 0.415234 0.652083 0.027344 0.037500
0 0.414453 0.612500 0.032031 0.033333
0 0.405859 0.589583 0.032031 0.031944
0 0.455469 0.631250 0.035937 0.037500
0 0.445312 0.679861 0.023438 0.023611
0 0.485156 0.695833 0.017188 0.033333
0 0.467969 0.665972 0.021875 0.031944
0 0.485938 0.632639 0.026563 0.031944
0 0.465625 0.604167 0.032812 0.038889
0 0.451953 0.579861 0.024219 0.031944
0 0.475781 0.564583 0.028125 0.034722
0 0.501172 0.592361 0.027344 0.037500
0 0.503516 0.651389 0.041406 0.019444
0 0.536719 0.779861 0.025000 0.031944
0 0.514453 0.798611 0.030469 0.036111
0 0.564062 0.768056 0.023438 0.027778
0 0.591797 0.750000 0.036719 0.036111
0 0.437500 0.270139 0.034375 0.043056
0 0.402734 0.268750 0.038281 0.043056
0 0.370703 0.285417 0.042969 0.043056
0 0.359375 0.324306 0.026563 0.029167
0 0.312891 0.260417 0.000781 0.004167
0 0.314063 0.263889 0.001563 0.002778
0 0.333203 0.296528 0.030469 0.054167
0 0.374609 0.241667 0.035156 0.052778
0 0.405859 0.225694 0.033594 0.043056
0 0.440234 0.221528 0.036719 0.045833
0 0.439453 0.173611 0.035156 0.041667
0 0.400000 0.180556 0.034375 0.041667
0 0.419922 0.141667 0.036719 0.061111
0 0.445703 0.125000 0.028906 0.047222
0 0.429297 0.423611 0.041406 0.052778
0 0.471875 0.458333 0.059375 0.044444
0 0.522656 0.431944 0.032812 0.041667
0 0.513672 0.370139 0.035156 0.040278
0 0.500781 0.335417 0.043750 0.037500
0 0.471875 0.301389 0.039062 0.052778
0 0.493750 0.228472 0.037500 0.045833
0 0.504297 0.181944 0.039844 0.061111
0 0.537891 0.163194 0.052344 0.093056
0 0.637500 0.227778 0.034375 0.047222
0 0.634766 0.198611 0.036719 0.027778
0 0.666406 0.252778 0.029687 0.041667
0 0.686719 0.275694 0.035937 0.031944
0 0.702734 0.302778 0.032031 0.036111
0 0.721875 0.312500 0.028125 0.036111
0 0.741016 0.339583 0.038281 0.045833
0 0.760156 0.360417 0.029687 0.031944
0 0.770703 0.390972 0.021094 0.031944
0 0.773828 0.420139 0.032031 0.034722
0 0.833594 0.611806 0.026563 0.031944
0 0.710938 0.750694 0.035937 0.037500
0 0.679688 0.740972 0.032812 0.034722
0 0.663672 0.760417 0.032031 0.026389
0 0.643750 0.790972 0.028125 0.034722
0 0.582812 0.700000 0.025000 0.025000
0 0.596484 0.729167 0.027344 0.025000
0 0.566406 0.353472 0.025000 0.031944
0 0.533984 0.400000 0.027344 0.041667
0 0.550000 0.370139 0.021875 0.031944
0 0.559375 0.394444 0.029687 0.036111
0 0.582812 0.382639 0.025000 0.034722
0 0.604297 0.416667 0.024219 0.030556
0 0.583203 0.424306 0.028906 0.034722
0 0.575000 0.454167 0.032812 0.033333
0 0.537109 0.454861 0.027344 0.020833
0 0.621875 0.446528 0.035937 0.031944
0 0.628516 0.415278 0.027344 0.025000
