0 0.026563 0.119444 0.045313 0.055556
0 0.043750 0.231250 0.050000 0.043056
0 0.157031 0.250000 0.054688 0.050000
0 0.172266 0.354167 0.055469 0.044444
0 0.135547 0.422917 0.044531 0.054167
0 0.023047 0.513889 0.044531 0.055556
0 0.038672 0.629167 0.033594 0.052778
0 0.021484 0.761806 0.042969 0.056944
0 0.041016 0.875000 0.036719 0.044444
0 0.138281 0.816667 0.046875 0.041667
0 0.144922 0.745833 0.036719 0.047222
0 0.161328 0.674306 0.039844 0.040278
0 0.177734 0.571528 0.039844 0.056944
0 0.214062 0.479167 0.042188 0.041667
0 0.269531 0.311111 0.039062 0.038889
0 0.372656 0.081944 0.039062 0.055556
0 0.383984 0.272222 0.039844 0.055556
0 0.357031 0.515972 0.031250 0.043056
0 0.360938 0.599306 0.045313 0.059722
0 0.226562 0.746528 0.040625 0.045833
0 0.266797 0.677083 0.036719 0.045833
0 0.242578 0.875694 0.033594 0.051389
0 0.155469 0.946528 0.067188 0.056944
0 0.344922 0.756250 0.046094 0.045833
0 0.439063 0.825000 0.043750 0.044444
0 0.491016 0.603472 0.041406 0.059722
0 0.508984 0.688194 0.022656 0.054167
0 0.512891 0.911111 0.042969 0.069444
0 0.625781 0.681250 0.039062 0.031944
0 0.483594 0.400694 0.045313 0.062500
0 0.542188 0.186806 0.050000 0.045833
0 0.612109 0.283333 0.042969 0.041667
0 0.664453 0.287500 0.036719 0.055556
0 0.683594 0.231250 0.023438 0.043056
0 0.795313 0.158333 0.037500 0.050000
0 0.898438 0.220833 0.032812 0.044444
0 0.977734 0.289583 0.041406 0.054167
0 0.908203 0.386111 0.047656 0.058333
0 0.766016 0.392361 0.044531 0.059722
0 0.747656 0.272222 0.050000 0.058333
0 0.728516 0.537500 0.035156 0.052778
0 0.689062 0.460417 0.040625 0.048611
0 0.814844 0.668056 0.039062 0.036111
0 0.800000 0.827778 0.035937 0.044444
0 0.585938 0.407639 0.090625 0.068056
0 0.528516 0.445833 0.061719 0.077778
0 0.295312 0.402083 0.065625 0.068056
