0 0.103516 0.206250 0.102344 0.084722
0 0.070703 0.386111 0.092969 0.111111
0 0.166016 0.413194 0.067969 0.073611
0 0.132031 0.677778 0.076563 0.133333
0 0.320312 0.576389 0.090625 0.116667
0 0.143750 0.875694 0.076563 0.073611
0 0.351562 0.820139 0.087500 0.109722
0 0.484375 0.192361 0.118750 0.123611
0 0.410547 0.368056 0.085156 0.105556
0 0.286328 0.153472 0.100781 0.126389
0 0.483203 0.516667 0.074219 0.086111
0 0.669141 0.215972 0.083594 0.106944
0 0.846875 0.270139 0.093750 0.104167
0 0.946094 0.416667 0.092188 0.119444
0 0.773828 0.675000 0.091406 0.108333
0 0.783203 0.838889 0.085156 0.116667
0 0.888672 0.861806 0.075781 0.123611
0 0.967578 0.953472 0.055469 0.084722
0 0.635938 0.854861 0.065625 0.073611
0 0.598437 0.701389 0.073437 0.066667
0 0.617969 0.593056 0.059375 0.102778
0 0.623047 0.411806 0.097656 0.137500
0 0.729297 0.487500 0.044531 0.066667
0 0.020312 0.943750 0.040625 0.081944
