0 0.571484 0.661806 0.089844 0.098611
0 0.672266 0.261111 0.089844 0.111111
0 0.814453 0.461111 0.066406 0.100000
0 0.869141 0.645139 0.057031 0.098611
0 0.722656 0.802778 0.062500 0.094444
0 0.321875 0.904167 0.093750 0.097222
0 0.235156 0.771528 0.093750 0.101389
0 0.159375 0.297917 0.068750 0.093056
0 0.291797 0.172917 0.075781 0.090278
0 0.337109 0.647222 0.050781 0.088889
0 0.085156 0.673611 0.110937 0.100000
0 0.472266 0.801389 0.077344 0.102778
0 0.583984 0.880556 0.046094 0.083333
0 0.901172 0.883333 0.057031 0.086111
0 0.882422 0.104861 0.078906 0.062500
0 0.554688 0.079861 0.075000 0.065278
