0 0.490625 0.699306 0.146875 0.162500
0 0.330469 0.819444 0.140625 0.130556
0 0.268359 0.618056 0.105469 0.125000
0 0.330859 0.450000 0.147656 0.105556
0 0.053125 0.501389 0.104687 0.102778
0 0.080469 0.845139 0.085938 0.115278
0 0.248828 0.229861 0.146094 0.120833
0 0.173047 0.293750 0.102344 0.112500
0 0.606641 0.162500 0.102344 0.100000
0 0.503516 0.317361 0.133594 0.156944
0 0.556250 0.526389 0.123438 0.136111
0 0.697266 0.313889 0.097656 0.141667
0 0.719531 0.559722 0.064062 0.097222
0 0.738672 0.673611 0.072656 0.094444
0 0.827734 0.628472 0.078906 0.115278
0 0.815625 0.460417 0.096875 0.109722
0 0.819141 0.161806 0.107031 0.131944
0 0.957422 0.479861 0.085156 0.223611
0 0.700781 0.807639 0.092188 0.095833
0 0.675391 0.909722 0.103906 0.111111
0 0.913281 0.875694 0.092188 0.106944
