0 0.318750 0.272222 0.035937 0.050000
0 0.239453 0.322917 0.044531 0.031944
0 0.095312 0.189583 0.032812 0.029167
0 0.076563 0.465278 0.037500 0.041667
0 0.066797 0.570833 0.041406 0.041667
0 0.144922 0.623611 0.042969 0.052778
0 0.070703 0.688194 0.036719 0.034722
0 0.055859 0.823611 0.033594 0.041667
0 0.206250 0.525694 0.042188 0.048611
0 0.123047 0.756944 0.028906 0.044444
0 0.215625 0.713194 0.032812 0.031944
0 0.234375 0.174306 0.032812 0.029167
0 0.100781 0.267361 0.028125 0.037500
0 0.179297 0.052778 0.030469 0.052778
