0 0.053516 0.056944 0.086719 0.075000
0 0.030859 0.231944 0.060156 0.066667
0 0.116797 0.179167 0.078906 0.061111
0 0.143359 0.304861 0.078906 0.079167
0 0.103906 0.431944 0.068750 0.075000
0 0.061719 0.609722 0.062500 0.077778
0 0.024219 0.759028 0.048437 0.095833
0 0.020312 0.880556 0.040625 0.075000
0 0.115625 0.894444 0.056250 0.036111
0 0.174609 0.940972 0.050781 0.037500
0 0.140625 0.796528 0.053125 0.073611
0 0.176172 0.668056 0.058594 0.088889
0 0.185547 0.503472 0.071094 0.081944
0 0.242969 0.043750 0.064062 0.073611
0 0.239844 0.197917 0.051562 0.056944
0 0.271875 0.411111 0.079687 0.108333
0 0.282813 0.524306 0.054688 0.068056
0 0.257812 0.625694 0.060938 0.068056
0 0.288281 0.756250 0.050000 0.056944
0 0.262109 0.863194 0.047656 0.059722
0 0.425391 0.818056 0.072656 0.061111
0 0.436328 0.934722 0.047656 0.069444
0 0.384375 0.636111 0.082813 0.069444
0 0.438672 0.509722 0.108594 0.080556
0 0.426172 0.394444 0.074219 0.083333
0 0.330078 0.280556 0.094531 0.072222
0 0.369922 0.155556 0.057031 0.050000
0 0.353516 0.061806 0.077344 0.045833
0 0.470313 0.273611 0.059375 0.061111
0 0.491797 0.665278 0.055469 0.063889
0 0.533594 0.965278 0.060938 0.044444
0 0.326172 0.977778 0.036719 0.038889
0 0.526953 0.763889 0.077344 0.052778
0 0.592578 0.872222 0.061719 0.091667
0 0.641797 0.974306 0.053906 0.051389
0 0.662891 0.743750 0.064844 0.081944
0 0.567578 0.569444 0.053906 0.072222
0 0.583594 0.461111 0.075000 0.061111
0 0.579687 0.297222 0.070312 0.080556
0 0.567969 0.176389 0.046875 0.061111
0 0.647266 0.371528 0.067969 0.090278
0 0.657422 0.243056 0.074219 0.116667
0 0.727344 0.428472 0.076563 0.073611
0 0.721875 0.518750 0.070312 0.070833
0 0.699609 0.622222 0.063281 0.083333
0 0.855469 0.586111 0.089062 0.094444
0 0.785547 0.737500 0.061719 0.061111
0 0.742188 0.827778 0.053125 0.063889
0 0.672266 0.914583 0.058594 0.059722
0 0.774219 0.939583 0.081250 0.073611
0 0.468359 0.116667 0.067969 0.097222
0 0.717969 0.116667 0.104687 0.113889
0 0.863672 0.844444 0.067969 0.086111
